Landings (tonnes)
1 1
1961 2010
1 8
5
        5710
        4343
        3947
        3593
        5923
        5666
        8721
        8660
       14141
       20622
       26807
       27350
       22600
       38640
       24500
       21250
       15410
       11080
       12338
       10613
        4377
        4855
        3933
        4066
        9187
        7440
        5823
       10172
        4949
        6312
        4398
        5270
        4409
        4828
        5076
        5301
        6651
        4905
        4127
        2002
        5461
        2393
        2399
        2531
        4387
        4402
        4629
        4895
	4594
	4894
