Irish Sea herring (Division VIIa) (run name: ICAMDC20)
102
FLT01: Northern Ireland acoustic surveys (age disaggregated) (Catch: Thousands) (Effort: Unknown)
1994 2015
1 1 0.65 0.70
1 8
   1     66830     68290     73529     11860      9299      7550      3867     10118
   1    319116     82256     11935     29246      4574      3500      4887      6894
   1     11340     42372     67473      8954     26469      4171      5911      5815
   1    134146     49977     14812     10985      1751      4553       571      1910
   1    110438     27312      8083      9266      6479      1778      2254       780
   1    157756     77722     34017      5108     10260     13521      1586      6289
   1     78524    103439    105291     27543      8072      5432      4899      2359
   1    387559     93402     10194     17489      7704      1372       626      2263
   1    390982     71935     31701     24804     31277     14830      2756      4461
   1    349216    220014     31984      4735      3921      4089       977       906
   1    241014    115529     29593     15398      2067      2299       238       240
   1     94330    109938     97111     17023      8029       810       607      5804
   1    374731     96623     15625      9982       530       369       478       469
   1   1316673    251276     46570     21101     20818      1200       718       556
   1    475675    452364    114210     39076     26370     17063      4254       599
   1    371230    182643    177813     92741     32490     15071     13940      6871
   1    580602    561245    117699    120777     34325     16759      4336      6453
   1   1927032    330180     43855     14978     21896      6308      2715      1959
   1    369094    191900    160980     51363     21643     19285     12105      3128
   1    100023    285238     81601     54347     41153     13441     11132      6776
   1    299689    193267    127352     29691     43057     17342      7848     12481
   1    491894    141854     25153     17018     10340      8954      1890      4342
FLT02: Northern Ireland spawning acoustic surveys (age disaggregated) (Catch: Thousands) (Effort: Unknown)
2007 2015
1 1 0.72 0.75
2 8
   1    151944   80098   51503   59130   4804    2258    1861
   1    320321   42852   11651    7254   5019    1422     267
   1    288476  187863   75347   20292   7726    5461    2449
   1    435953  124994  141310   44740  24322    8212   12908
   1    318202   91781   39475   64243  19514    7049    5406
   1    153727	142555   53487   23246  22632   11604    3730
   1    430421	182788  136444  104367  33702   28115   16523
   1     58984   65866   19102   28471  10268    5194    7438
   1    260858   55548   49490   30779  31823    8468   22367