Natural Mortality
1 5
1961 2012
1 8
1
 0.787 0.380 0.353 0.335 0.315 0.311 0.304 0.304
 0.787 0.380 0.353 0.335 0.315 0.311 0.304 0.304
 0.787 0.380 0.353 0.335 0.315 0.311 0.304 0.304
 0.787 0.380 0.353 0.335 0.315 0.311 0.304 0.304
 0.787 0.380 0.353 0.335 0.315 0.311 0.304 0.304 
 0.787 0.380 0.353 0.335 0.315 0.311 0.304 0.304
 0.787 0.380 0.353 0.335 0.315 0.311 0.304 0.304
 0.787 0.380 0.353 0.335 0.315 0.311 0.304 0.304
 0.787 0.380 0.353 0.335 0.315 0.311 0.304 0.304
 0.787 0.380 0.353 0.335 0.315 0.311 0.304 0.304
 0.787 0.380 0.353 0.335 0.315 0.311 0.304 0.304
 0.787 0.380 0.353 0.335 0.315 0.311 0.304 0.304
 0.787 0.380 0.353 0.335 0.315 0.311 0.304 0.304
 0.787 0.380 0.353 0.335 0.315 0.311 0.304 0.304
 0.787 0.380 0.353 0.335 0.315 0.311 0.304 0.304
 0.787 0.380 0.353 0.335 0.315 0.311 0.304 0.304
 0.787 0.380 0.353 0.335 0.315 0.311 0.304 0.304
 0.787 0.380 0.353 0.335 0.315 0.311 0.304 0.304
 0.787 0.380 0.353 0.335 0.315 0.311 0.304 0.304
 0.787 0.380 0.353 0.335 0.315 0.311 0.304 0.304
 0.787 0.380 0.353 0.335 0.315 0.311 0.304 0.304
 0.787 0.380 0.353 0.335 0.315 0.311 0.304 0.304
 0.787 0.380 0.353 0.335 0.315 0.311 0.304 0.304
 0.787 0.380 0.353 0.335 0.315 0.311 0.304 0.304
 0.787 0.380 0.353 0.335 0.315 0.311 0.304 0.304
 0.787 0.380 0.353 0.335 0.315 0.311 0.304 0.304
 0.787 0.380 0.353 0.335 0.315 0.311 0.304 0.304
 0.787 0.380 0.353 0.335 0.315 0.311 0.304 0.304
 0.787 0.380 0.353 0.335 0.315 0.311 0.304 0.304
 0.787 0.380 0.353 0.335 0.315 0.311 0.304 0.304
 0.787 0.380 0.353 0.335 0.315 0.311 0.304 0.304
 0.787 0.380 0.353 0.335 0.315 0.311 0.304 0.304
 0.787 0.380 0.353 0.335 0.315 0.311 0.304 0.304
 0.787 0.380 0.353 0.335 0.315 0.311 0.304 0.304
 0.787 0.380 0.353 0.335 0.315 0.311 0.304 0.304
 0.787 0.380 0.353 0.335 0.315 0.311 0.304 0.304
 0.787 0.380 0.353 0.335 0.315 0.311 0.304 0.304
 0.787 0.380 0.353 0.335 0.315 0.311 0.304 0.304
 0.787 0.380 0.353 0.335 0.315 0.311 0.304 0.304
 0.787 0.380 0.353 0.335 0.315 0.311 0.304 0.304
 0.787 0.380 0.353 0.335 0.315 0.311 0.304 0.304
 0.787 0.380 0.353 0.335 0.315 0.311 0.304 0.304
 0.787 0.380 0.353 0.335 0.315 0.311 0.304 0.304
 0.787 0.380 0.353 0.335 0.315 0.311 0.304 0.304
 0.787 0.380 0.353 0.335 0.315 0.311 0.304 0.304
 0.787 0.380 0.353 0.335 0.315 0.311 0.304 0.304
 0.787 0.380 0.353 0.335 0.315 0.311 0.304 0.304
 0.787 0.380 0.353 0.335 0.315 0.311 0.304 0.304
 0.787 0.380 0.353 0.335 0.315 0.311 0.304 0.304
 0.787 0.380 0.353 0.335 0.315 0.311 0.304 0.304
 0.787 0.380 0.353 0.335 0.315 0.311 0.304 0.304
 0.787 0.380 0.353 0.335 0.315 0.311 0.304 0.304