North Sea Herring stock numbers at age - stock.n (units : NA )
1	13	
1947	2014	
0	8	
1 
56683856 18146713 10886129 4761151 6837960 4226987 3513067 1978798 5992385
53865459 22702827 8623486 6510976 3143980 4501855 2687172 1974844 4524420
47536101 21617203 12237310 6394827 3730303 2047234 2841947 1615250 3790468
65989091 18329090 10324187 9092860 4634320 2240030 1271872 1589611 2870509
58820442 27207412 8385378 6763155 6452641 3265750 1416926 737484.2 2556117
57368160 23324153 12188458 4920890 3937277 3767793 1990706 855978 2030921
59769138 22771037 10334517 6715978 3090984 2308249 2242272 1138247 1599178
56119842 24667570 10019062 5780496 3745254 1906920 1379180 1285939 1567512
48447922 21812636 11217661 5526139 3023725 2109581 1092523 758425.6 1464464
35605120 19423612 8503599 6324870 3063290 1694672 1229355 609259.8 1421183
93269154 13164048 8285355 3894205 3645485 1769133 1043405 741180.9 1230585
34380497 43055477 4823450 4470452 2018772 2139323 979698.4 613539.5 1143953
39864629 13190402 20419482 2260282 2409669 1172912 1158921 591253.4 1217122
15950488 17141277 4990267 11050652 1114593 1260476 639857 631592.7 1064483
76898736 5035382 6736156 2404855 7124143 669308.3 812604.7 365126.8 912551.7
35462984 32801998 1848712 2864774 1334410 4381931 391210.1 500819 756910.3
45947041 14709440 15650290 1014595 1171740 643064.3 2273884 193493.7 683512.3
49426635 17751845 6530539 9138438 646287.7 697320.2 434955.9 1492555 543616.9
24276030 20196098 6125678 3429757 5209529 393171 397122.5 271034.1 1329083
24544540 9771690 7655998 2165150 1412681 2195675 181679.6 184425.3 789377.5
32152475 9184244 3855457 3191495 850007.1 654089.8 834009.4 97538.26 427196.8
32703740 12559652 3106477 1830317 1187072 295079.5 243044.5 282942.8 152207.5
15886814 12434681 4373176 691072.5 300739.6 376623 82207.35 69286.13 96857.88
32999402 6459096 4176566 1473277 214057.5 96857.88 116774.5 15814.78 43260.71
25342668 12890485 2419327 1212264 366957 55436.86 29056.57 27945.18 16291.52
17365569 9969091 3278839 779182.1 314896.7 93901.35 17784.81 899.3749 7458.428
8606257 6478503 2618206 1077334 288081.9 117594.8 41315.79 7231.487 4489.964
16256445 3106477 1512085 735275.1 261450.4 96664.36 39576.86 10943.49 5094.924
3371944 6729423 913464.7 409216.6 230960 80660.16 25616.71 11234 5415.931
4205905 1019681 1783343 203007.9 87465.53 59337.69 14173.08 6883.62 2471.548
4723214 1581683 360410.9 523870.6 47051.59 20910.36 15203.79 4855.658 2199.092
4975319 1803068 669977.9 243044.5 202197.5 25977.86 8584.384 7478.593 3170.359
9435597 1755036 756153.7 373248.6 148598 105556.3 14181.59 4938.91 5112.276
14461493 3509556 689691.7 403527.5 197205.2 107044.5 54068.12 10397.29 5300.201
32769213 5400489 1584849 330050.2 209609.2 124243.7 76496.48 42574.04 12053.38
51289674 8623486 1910738 899865 192336.2 117594.8 67710.73 49662.23 27337.1
47346336 15463609 3246214 1067681 464167.1 124492.4 87290.77 46304.76 56613.34
43055477 12723993 5850280 1751530 644996.4 257043.3 78905.01 56897.12 61821.1
51084925 14533981 5214741 3249462 945056.5 340101.7 124368 46027.76 59994.01
58410136 21104567 4737405 2697942 1441219 408807.6 160171.4 56783.44 50766.91
60672433 25906384 7602594 2276159 1370930 693148.8 203211 72330.42 46166.05
30645611 23676653 8658049 3917640 1151988 682146.7 331704.6 96567.74 59100.82
25828782 12200653 5998380 4742144 2178180 569776.8 323514.8 153891 73130.44
21020317 10221460 3722850 3197884 2949069 1183516 297747.2 166874.9 122516.4
22771037 9635840 3305175 1924160 1887946 1676133 640497.2 171099.4 147414
44723068 9202631 3805660 1467396 1112366 1071961 974812.1 369165.4 189472.7
38802685 14916820 3252713 1621723 789377.5 602594.6 578387.9 481181.6 288081.9
26990621 11444273 4833107 1240469 671319.2 334034.6 282377.5 262498.3 328075.8
35075029 9549506 4818629 2067809 597793.1 264342.3 160171.4 133385.7 263814.1
31484314 11983006 4004783 2285282 860268.6 260146.4 99508.66 72911.38 198193.7
21943905 13742448 4940613 2226630 1245441 493856.4 157314.1 52680.47 168383.6
15950488 9655131 7181365 2470670 1199002 693842.3 297152.3 98223.42 128926.8
52483007 6844801 3898101 4465983 1276969 567502.3 335038.3 147414 121297.3
35962957 23700341 3764027 2156506 2636598 774521 334703.4 190994.5 154045
63846990 13728712 10659904 2395254 1242952 1426879 401916.6 184425.3 178082.1
34004383 28488185 5838591 6589579 1330413 688313.7 829020.4 225934.4 226840
16321601 13564952 15066737 3388846 4020834 747134.1 439327.3 488453.7 261973.9
19404198 6337532 5015281 9120179 2219961 2431454 389648.4 272665.2 416232.8
18092354 8137552 2910979 3178754 5867857 1318493 1297565 185720.8 327747.9
21020317 6550160 3817094 1854267 1974844 3605605 667971 587129.1 192914
19915323 8096966 2839107 2262543 1169398 1078412 1998685 336044.9 321258.1
20583493 8824125 3645485 1672784 1381942 739700 654089.8 1287226 370274.5
27563418 8877229 4809001 2103262 1039240 890020.7 499818.3 458630.4 1213477
26482640 11524664 4515380 3265750 1551915 781523.1 697320.2 390038.2 1334410
22725541 11387195 5717259 2896460 2099060 968980.7 508896.5 479260.7 1162403
24741684 8649396 5728705 4351364 2176002 1416926 641779.5 321579.5 959339.2
25725673 10119755 3945160 3704282 2893565 1555022 927269.9 398714.1 769887.7
42541899 11887524 5282975 2681803 2641876 1711704 925417.3 525970.3 535523.5
