North Sea Herring fishing mortality - harvest (units : f )
1	12	
1947	2014	
0	8	
1 
0.004040851 0.0002078903 0.05269683 0.1110361 0.1175608 0.1575992 0.2740623 0.2841935 0.2841935
0.004041659 0.0002078903 0.03927764 0.1265143 0.128632 0.1668934 0.2478826 0.2750232 0.2750232
0.00404368 0.0009968602 0.04881586 0.1271103 0.1376419 0.1744879 0.2815627 0.3466984 0.3466984
0.004038427 0.00478007 0.06584841 0.1431875 0.1687394 0.1738609 0.2606179 0.2772322 0.2772322
0.004040447 0.02287524 0.09841126 0.1709815 0.2277743 0.229168 0.2480562 0.2491251 0.2491251
0.004040851 0.04398529 0.1382627 0.1580727 0.2037014 0.2230186 0.284677 0.3387137 0.3387137
0.004040043 0.06511502 0.1665266 0.1950499 0.1980967 0.2193251 0.2806351 0.3271292 0.3271292
0.005583162 0.08736155 0.1969511 0.244241 0.2042317 0.2349694 0.2999918 0.373163 0.373163
0.005104157 0.139053 0.2319346 0.2475606 0.207671 0.2090671 0.2721777 0.2133545 0.2133545
0.004283863 0.1334271 0.2898186 0.2532445 0.2176646 0.1992291 0.2217289 0.2351574 0.2351574
0.004553314 0.1698907 0.2767889 0.2601232 0.2247874 0.2480066 0.2390936 0.2413035 0.2413035
0.00475623 0.1508906 0.3004422 0.2906022 0.216644 0.2733506 0.2141668 0.1581044 0.1581044
0.009081644 0.18699 0.3225813 0.2861612 0.2534978 0.2500736 0.2641865 0.2659891 0.2659891
0.0175027 0.2038848 0.3279481 0.2432416 0.2106199 0.1891528 0.2441921 0.2864189 0.2864189
0.02095454 0.1046954 0.3585813 0.2745286 0.2597073 0.2374733 0.2576379 0.2280934 0.2280934
0.007847973 0.09832273 0.2253051 0.3566858 0.30413 0.2863329 0.3385783 0.2982569 0.2982569
0.01367344 0.131283 0.2583862 0.258774 0.2092344 0.1907866 0.178084 0.1788514 0.1788514
0.01465755 0.2554318 0.3380708 0.3391883 0.3065728 0.2889216 0.2703873 0.2223061 0.2223061
0.01148401 0.2480066 0.5215553 0.5261705 0.5068602 0.4878877 0.44686 0.4823911 0.4823911
0.02221917 0.2249673 0.506303 0.5617772 0.4997986 0.6218913 0.406143 0.585681 0.585681
0.0300979 0.2923803 0.5057818 0.7287606 0.6900232 0.721567 0.7464027 0.9818458 0.9818458
0.03391154 0.3122035 0.9546237 1.363003 0.8240369 0.9051958 0.9804487 1.199158 1.199158
0.01447547 0.3274565 0.7570545 0.8729736 0.8045276 0.868941 1.315754 1.06741 1.06741
0.03707917 0.3093135 0.8185916 1.037209 1.002745 0.8737421 1.200466 1.018518 1.018518
0.04334344 0.5951451 0.7818909 0.9738052 0.9864763 0.7867537 3.105578 1.431424 1.431424
0.0628377 0.6086025 0.7658951 0.7758004 0.726425 0.5971183 0.7218485 0.394321 0.394321
0.05778651 0.6757311 0.8866721 1.036319 0.8162782 0.8047207 1.042858 0.6326803 0.6326803
0.09195095 0.4924118 0.9375539 0.9014416 0.8560984 1.034018 0.9749589 0.8544904 0.8544904
0.1198637 0.5924078 1.048783 1.159513 1.026168 1.352656 1.005056 1.592635 1.592635
0.09256909 0.2059133 0.7297013 1.032742 0.9524163 1.005593 0.7263742 1.130183 1.130183
0.08901949 0.1405629 0.2150037 0.577891 0.3714578 0.5522027 0.3999323 0.5188969 0.5188969
0.111615 0.1293543 0.2222394 0.3718034 0.2993027 0.4006568 0.2389741 0.4318401 0.4318401
0.1313224 0.1238976 0.2377109 0.3277841 0.2310087 0.3350753 0.1311124 0.3063889 0.3063889
0.1587698 0.1105928 0.2586964 0.3005924 0.2154126 0.2656967 0.08077401 0.1737392 0.1737392
0.4397319 0.2407009 0.2377822 0.2497237 0.2385682 0.271471 0.2231302 0.4752663 0.4752663
0.4059521 0.2067593 0.2172514 0.3183194 0.2357461 0.1802879 0.162123 0.2391893 0.2391893
0.4556957 0.2440701 0.2384013 0.284023 0.3040084 0.2682865 0.2769828 0.3993568 0.3993568
0.2614271 0.2284358 0.2685012 0.3484014 0.4148327 0.412933 0.3609196 0.5598872 0.5598872
0.1344854 0.3599465 0.3362837 0.4762321 0.5255027 0.4888107 0.5014356 0.6036444 0.6036444
0.1074962 0.3695978 0.369077 0.4320474 0.4708715 0.4593651 0.5533415 0.6298271 0.6298271
0.18576 0.4381386 0.3761377 0.403068 0.4715736 0.4971468 0.5335833 0.5015209 0.5015209
0.1622852 0.589689 0.3521141 0.3733384 0.4683263 0.5205861 0.5453595 0.5519985 0.5519985
0.1665933 0.4517303 0.361823 0.3661179 0.4816536 0.5038584 0.496943 0.5232008 0.5232008
0.1052939 0.4801724 0.353172 0.331476 0.3946958 0.4394594 0.3785376 0.4279581 0.4279581
0.1669101 0.3552264 0.46776 0.3806176 0.3931398 0.407123 0.4174753 0.3471147 0.3471147
0.3472189 0.4002604 0.4889622 0.4234838 0.4451251 0.4500305 0.4987452 0.4831201 0.4831201
0.425598 0.4088855 0.5355345 0.537396 0.5644858 0.4872539 0.5381489 0.5916323 0.5916323
0.2895289 0.242877 0.5282741 0.5678886 0.7320987 0.4813503 0.5038584 0.4958013 0.4958013
0.2910675 0.2535739 0.3975796 0.5315224 0.5224531 0.5724041 0.4890649 0.4414811 0.4414811
0.1053887 0.1844088 0.2267063 0.3256605 0.2951121 0.319947 0.3577932 0.1737392 0.1737392
0.03297848 0.05503973 0.1916854 0.27398 0.2973338 0.2942869 0.2882866 0.2209542 0.2209542
0.02631806 0.1322052 0.2111471 0.2896737 0.3051658 0.3286046 0.3729056 0.2003078 0.2003078
0.0412007 0.06525191 0.2049683 0.297661 0.3021596 0.323001 0.3176834 0.1830493 0.1830493
0.04501768 0.0700042 0.189797 0.2766229 0.3116732 0.3450037 0.3232918 0.1881342 0.1881342
0.04189453 0.06396623 0.1123653 0.2493494 0.292468 0.2973932 0.3127973 0.2065526 0.2065526
0.03398283 0.04457866 0.1207057 0.1941353 0.2847624 0.284677 0.2948171 0.2609569 0.2609569
0.03650522 0.06506295 0.106565 0.1941935 0.2740074 0.415418 0.3378004 0.2953483 0.2953483
0.05567634 0.05138546 0.1173376 0.1890016 0.3044647 0.4251131 0.5524955 0.4379984 0.4379984
0.07982648 0.1173024 0.1457737 0.193341 0.292351 0.4684106 0.5902082 0.790389 0.790389
0.06415842 0.05147289 0.1304455 0.207858 0.3023107 0.3762618 0.4933778 0.7054425 0.7054425
0.04997162 0.04222681 0.1036537 0.2117392 0.286104 0.3494482 0.3570784 0.5594842 0.5594842
0.05466126 0.03760193 0.1062352 0.1327749 0.1796401 0.2246751 0.2059133 0.2657764 0.2657764
0.03762073 0.02876488 0.07351984 0.07275919 0.116624 0.1313355 0.1086091 0.1415786 0.1415786
0.0350598 0.03284355 0.07972277 0.08943886 0.1058852 0.1359185 0.1135173 0.1082729 0.1082729
0.04903112 0.0209839 0.08155318 0.1189443 0.1349029 0.1741393 0.1626589 0.1458612 0.1458612
0.04508976 0.04414392 0.09579929 0.175345 0.2162544 0.2663617 0.276457 0.3358469 0.3358469
0.03058334 0.05454659 0.0992414 0.1680153 0.2540561 0.3413319 0.3824146 0.4943804 0.4943804
0.04614346 0.04410862 0.0915381 0.1793888 0.2930242 0.3771207 0.3848776 0.524715 0.524715
