WBSS Herring fishing mortality - harvest (units : f )
1	12	
1991	2008	
0	8	
1 
0.02788261 0.2591025 0.3194997 0.4205848 0.3983810 0.3713668 0.2398933 0.4106474 0.4106474
0.04701248 0.1741470 0.3715161 0.3706108 0.4741042 0.4956293 0.564564 0.4679301 0.4679301
0.07966117 0.2984454 0.3511533 0.4746634 0.4960716 0.6269232 0.5779631 0.5511089 0.5511089
0.05046389 0.1601779 0.4218916 0.5033055 0.6461968 0.7007366 0.9072279 0.6162724 0.6162724
0.1672629 0.6388083 0.5720748 0.5071798 0.5221991 0.4318696 0.5870114 0.6985772 0.6985772
0.04525351 0.3780915 0.3782915 0.561728 0.7155721 0.8130265 0.7124659 0.6882694 0.6882694
0.1153713 0.307793 0.35779 0.4902133 0.4274567 0.4834622 0.6378494 0.5337216 0.5337216
0.1205719 0.3512895 0.4072099 0.4031785 0.5260782 0.4971399 0.5412812 0.5467163 0.5467163
0.1077023 0.2374612 0.3943617 0.431757 0.3561131 0.3901738 0.3140199 0.4316627 0.4316627
0.05256632 0.3196597 0.3714323 0.3998040 0.4224952 0.5344172 0.5076217 0.5103363 0.5103363
0.2178011 0.3161451 0.3343379 0.336219 0.4271014 0.4176378 0.6339521 0.4887417 0.4887417
0.05848999 0.372777 0.3409087 0.3834429 0.3943053 0.421821 0.4410762 0.4840294 0.4840294
0.01543959 0.07821286 0.3045591 0.3339443 0.4100315 0.4383708 0.3954449 0.3668086 0.3668086
0.01990457 0.1833278 0.2423987 0.3013877 0.3607556 0.3760550 0.3925861 0.3607556 0.3607556
0.02266373 0.2087406 0.2759998 0.3431659 0.4107634 0.4281835 0.4470061 0.4107634 0.4107634
0.02203091 0.2029121 0.2682934 0.333584 0.3992941 0.4162278 0.4345249 0.3992941 0.3992941
0.01989885 0.1832751 0.2423291 0.3013012 0.3606520 0.375947 0.3924734 0.3606520 0.3606520
0.02042185 0.1880921 0.2486982 0.3092202 0.370131 0.3858279 0.4027887 0.370131 0.370131
