WBSS Herring fishing mortality - harvest (units : f )
1	12	
1991	2010	
0	8	
1 
0.02787541 0.2588929 0.3192168 0.4215893 0.3938297 0.3686124 0.2317597 0.4037697 0.4037697
0.04694523 0.1740975 0.3711021 0.3701482 0.4758737 0.4868462 0.5579066 0.4456509 0.4456509
0.07960748 0.2979428 0.3510232 0.4738574 0.4951182 0.6309886 0.5607112 0.5399175 0.5399175
0.05046556 0.1600567 0.4208681 0.5030198 0.6442786 0.69829 0.9200275 0.5838087 0.5838087
0.1673310 0.6388377 0.5714472 0.5052284 0.5217061 0.4296997 0.5831635 0.720496 0.720496
0.04501179 0.3782917 0.3783205 0.5606486 0.7105136 0.8115275 0.7061331 0.6798126 0.6798126
0.1153600 0.3058524 0.3580652 0.4902712 0.4261211 0.4773547 0.6354632 0.5250497 0.5250497
0.1198622 0.3512462 0.4035292 0.4036315 0.5261811 0.4946835 0.5299972 0.543061 0.543061
0.1074115 0.2358021 0.3942907 0.4258631 0.3566965 0.3902938 0.3117113 0.417303 0.417303
0.0530547 0.3186014 0.3679062 0.3996972 0.4137462 0.5357852 0.5078661 0.5046907 0.5046907
0.2178426 0.3196489 0.3327971 0.3317017 0.4269295 0.404654 0.636861 0.4891272 0.4891272
0.06114264 0.3728715 0.3462063 0.3809218 0.3867283 0.4215622 0.4204110 0.4878897 0.4878897
0.01629428 0.08201585 0.3046679 0.3412475 0.4060444 0.4257502 0.3950812 0.3417446 0.3417446
0.1151160 0.2312309 0.2116364 0.3155122 0.3385066 0.3494683 0.3659938 0.3602728 0.3602728
0.06358214 0.2546556 0.3023058 0.2989893 0.4428887 0.3854331 0.4576308 0.4216467 0.4216467
0.007208585 0.1588488 0.3725791 0.4193967 0.4306697 0.4973801 0.484998 0.4306697 0.4306697
0.006961864 0.1534121 0.3598272 0.4050424 0.4159296 0.4803567 0.4683984 0.4159296 0.4159296
0.007787631 0.1716087 0.4025074 0.4530857 0.4652642 0.5373333 0.5239566 0.4652642 0.4652642
0.008769177 0.1932381 0.453239 0.5101922 0.5239057 0.6050582 0.5899955 0.5239057 0.5239057
0.005254076 0.1157792 0.2715594 0.3056830 0.3138995 0.3625223 0.3534974 0.3138995 0.3138995
