WBSS Herring stock numbers at age - stock.n (units : NA )
1	13	
1991	2010	
0	8	
1 
5005254 4552638 2173642 1797743 942050 631294.1 246990.9 43683.5 16274.50
3657701 3606049 2131475 1293287 965550.2 520208 357508.6 160387.3 68753.95
3111391 2585424 1837701 1204075 731278.4 491186.8 261748.1 167545.1 64308.38
6182674 2128595 1164098 1059177 613763.5 364919.2 213970 122323.8 81760.03
4049469 4354829 1100105 625676.8 524385.7 263836.9 148619 69812.17 43442.04
4495747 2537692 1394377 508626.4 309081.7 254810.8 140559.6 67912.66 55539.97
3991414 3183942 1054391 782021.6 237713.2 124349.0 92665.29 56797.84 64624.91
5616794 2634743 1422289 603444 392136.9 127096.2 63164.18 40186.49 36825.43
6456352 3691005 1124726 777818.9 329976.6 189697.4 63450.52 30439.47 19539.33
3413408 4295865 1768438 620796.9 415977.2 189109.3 105123.5 38036.61 29511.02
4447839 2398052 1894683 1002193 340803.7 225176.5 90607.77 51793.78 18918.72
2928158 2650043 1056549 1112105 588892.8 182067.5 123005.7 39239.31 23611.05
3829155 2040574 1107056 611892.5 622092 327509.1 97789.3 66143.02 33423.98
2585157 2790860 1140213 668336.5 356134.7 339353.9 175171.5 53932.54 39927.33
2005526 1706886 1343286 755465.4 399126.9 207847.0 195894.3 99461.62 40191.02
1507350 1394205 802530.7 812867.7 458676.3 209849.5 115742.7 101488.4 54197.27
1491301 1108652 721426.7 452682.5 437541.6 244123.7 104481.6 58344.87 47527.09
1407326 1097119 576795.5 412156.7 247187.8 236333.1 123633.1 53549.81 51236.57
2044847 1034485 560502.5 315759.4 214501.7 127088.6 113058.9 59941.06 33605.91
3868054 1501634 517195.3 291661.7 155211.4 104002.2 56816.46 51311.42 45882.63
