WBSS Herring natural mortality - m (units : NA )
1	5	
1991	2010	
0	8	
1 
0.3 0.5 0.2 0.2 0.2 0.2 0.2 0.2 0.2
0.3 0.5 0.2 0.2 0.2 0.2 0.2 0.2 0.2
0.3 0.5 0.2 0.2 0.2 0.2 0.2 0.2 0.2
0.3 0.5 0.2 0.2 0.2 0.2 0.2 0.2 0.2
0.3 0.5 0.2 0.2 0.2 0.2 0.2 0.2 0.2
0.3 0.5 0.2 0.2 0.2 0.2 0.2 0.2 0.2
0.3 0.5 0.2 0.2 0.2 0.2 0.2 0.2 0.2
0.3 0.5 0.2 0.2 0.2 0.2 0.2 0.2 0.2
0.3 0.5 0.2 0.2 0.2 0.2 0.2 0.2 0.2
0.3 0.5 0.2 0.2 0.2 0.2 0.2 0.2 0.2
0.3 0.5 0.2 0.2 0.2 0.2 0.2 0.2 0.2
0.3 0.5 0.2 0.2 0.2 0.2 0.2 0.2 0.2
0.3 0.5 0.2 0.2 0.2 0.2 0.2 0.2 0.2
0.3 0.5 0.2 0.2 0.2 0.2 0.2 0.2 0.2
0.3 0.5 0.2 0.2 0.2 0.2 0.2 0.2 0.2
0.3 0.5 0.2 0.2 0.2 0.2 0.2 0.2 0.2
0.3 0.5 0.2 0.2 0.2 0.2 0.2 0.2 0.2
0.3 0.5 0.2 0.2 0.2 0.2 0.2 0.2 0.2
0.3 0.5 0.2 0.2 0.2 0.2 0.2 0.2 0.2
0.3 0.5 0.2 0.2 0.2 0.2 0.2 0.2 0.2
