WBSS Herring maturity-at-age ogive - mat (units : NA )
1	6	
1991	2010	
0	8	
1 
0 0 0.2 0.75 0.9 1 1 1 1
0 0 0.2 0.75 0.9 1 1 1 1
0 0 0.2 0.75 0.9 1 1 1 1
0 0 0.2 0.75 0.9 1 1 1 1
0 0 0.2 0.75 0.9 1 1 1 1
0 0 0.2 0.75 0.9 1 1 1 1
0 0 0.2 0.75 0.9 1 1 1 1
0 0 0.2 0.75 0.9 1 1 1 1
0 0 0.2 0.75 0.9 1 1 1 1
0 0 0.2 0.75 0.9 1 1 1 1
0 0 0.2 0.75 0.9 1 1 1 1
0 0 0.2 0.75 0.9 1 1 1 1
0 0 0.2 0.75 0.9 1 1 1 1
0 0 0.2 0.75 0.9 1 1 1 1
0 0 0.2 0.75 0.9 1 1 1 1
0 0 0.2 0.75 0.9 1 1 1 1
0 0 0.2 0.75 0.9 1 1 1 1
0 0 0.2 0.75 0.9 1 1 1 1
0 0 0.2 0.75 0.9 1 1 1 1
0 0 0.2 0.75 0.9 1 1 1 1
