# Auto generated file
# Datetime : 2014-10-22 16:54:15

# Number of fleets (res+con+sur)
 5 
# Fleet types (res=0, con=1, sur=2, ssb=3)
 # catch HERAS IBTS-Q1 IBTS0 LAI #   
 0 2 2 2 5 #   
# Sample times (only relevent for sur)
 # catch HERAS IBTS-Q1 IBTS0 LAI #   
 -99999 0.55 0.125 0.125 -99999 #   
# Number of years
 68 
# Years
 1947 1948 1949 1950 1951 1952 1953 1954 1955 1956 1957 1958 1959 1960 1961 1962 1963 1964 1965 1966 1967 1968 1969 1970 1971 1972 1973 1974 1975 1976 1977 1978 1979 1980 1981 1982 1983 1984 1985 1986 1987 1988 1989 1990 1991 1992 1993 1994 1995 1996 1997 1998 1999 2000 2001 2002 2003 2004 2005 2006 2007 2008 2009 2010 2011 2012 2013 2014 
# Number of observations 
 1150 
# Index1 (index of first obs in each year) 
 1 8 16 23 30 38 46 55 64 73 82 91 100 108 117 126 135 144 153 162 171 180 189 198 207 216 234 252 268 285 301 319 328 338 358 376 396 415 436 457 478 499 520 548 573 598 624 648 672 695 719 743 769 795 821 846 871 897 922 947 973 998 1024 1049 1074 1099 1124 1149 
# Index2 (index of last obs in each year) 
 7 15 22 29 37 45 54 63 72 81 90 99 107 116 125 134 143 152 161 170 179 188 197 206 215 233 251 267 284 300 318 327 337 357 375 395 414 435 456 477 498 519 547 572 597 623 647 671 694 718 742 768 794 820 845 870 896 921 946 972 997 1023 1048 1073 1098 1123 1148 1150 
# The observation matrix 
# year fleet age data fleet.name 
1947 1 2 494000 #catch
1947 1 3 415000 #catch
1947 1 4 638000 #catch
1947 1 5 526000 #catch
1947 1 6 756000 #catch
1947 1 7 431000 #catch
1947 1 8 1311000 #catch
1948 1 1 3000 #catch
1948 1 2 247000 #catch
1948 1 3 672000 #catch
1948 1 4 328000 #catch
1948 1 5 601000 #catch
1948 1 6 487000 #catch
1948 1 7 4e+05 #catch
1948 1 8 917000 #catch
1949 1 2 478000 #catch
1949 1 3 644000 #catch
1949 1 4 396000 #catch
1949 1 5 287000 #catch
1949 1 6 652000 #catch
1949 1 7 462000 #catch
1949 1 8 1037000 #catch
1950 1 2 535000 #catch
1950 1 3 1039000 #catch
1950 1 4 617000 #catch
1950 1 5 290000 #catch
1950 1 6 254000 #catch
1950 1 7 331000 #catch
1950 1 8 597000 #catch
1951 1 1 462000 #catch
1951 1 2 660000 #catch
1951 1 3 959000 #catch
1951 1 4 1255000 #catch
1951 1 5 630000 #catch
1951 1 6 262000 #catch
1951 1 7 142000 #catch
1951 1 8 445000 #catch
1952 1 1 722000 #catch
1952 1 2 1346000 #catch
1952 1 3 576000 #catch
1952 1 4 610000 #catch
1952 1 5 652000 #catch
1952 1 6 464000 #catch
1952 1 7 236000 #catch
1952 1 8 554000 #catch
1953 1 0 150000 #catch
1953 1 1 1023000 #catch
1953 1 2 1322000 #catch
1953 1 3 1003000 #catch
1953 1 4 474000 #catch
1953 1 5 386000 #catch
1953 1 6 473000 #catch
1953 1 7 278000 #catch
1953 1 8 392000 #catch
1954 1 0 219000 #catch
1954 1 1 1451000 #catch
1954 1 2 1493000 #catch
1954 1 3 1111000 #catch
1954 1 4 591000 #catch
1954 1 5 361000 #catch
1954 1 6 330000 #catch
1954 1 7 379000 #catch
1954 1 8 511000 #catch
1955 1 0 164000 #catch
1955 1 1 2072000 #catch
1955 1 2 1931000 #catch
1955 1 3 1032000 #catch
1955 1 4 479000 #catch
1955 1 5 337000 #catch
1955 1 6 232000 #catch
1955 1 7 120000 #catch
1955 1 8 215000 #catch
1956 1 0 96000 #catch
1956 1 1 1697000 #catch
1956 1 2 1860000 #catch
1956 1 3 1221000 #catch
1956 1 4 516000 #catch
1956 1 5 249000 #catch
1956 1 6 194000 #catch
1956 1 7 104000 #catch
1956 1 8 292000 #catch
1957 1 0 279000 #catch
1957 1 1 1483000 #catch
1957 1 2 1644000 #catch
1957 1 3 736000 #catch
1957 1 4 644000 #catch
1957 1 5 344000 #catch
1957 1 6 207000 #catch
1957 1 7 147000 #catch
1957 1 8 253000 #catch
1958 1 0 97000 #catch
1958 1 1 4279000 #catch
1958 1 2 1029000 #catch
1958 1 3 999000 #catch
1958 1 4 322000 #catch
1958 1 5 461000 #catch
1958 1 6 147000 #catch
1958 1 7 73000 #catch
1958 1 8 118000 #catch
1959 1 1 1609000 #catch
1959 1 2 4934000 #catch
1959 1 3 488000 #catch
1959 1 4 497000 #catch
1959 1 5 233000 #catch
1959 1 6 249000 #catch
1959 1 7 120000 #catch
1959 1 8 301000 #catch
1960 1 0 194600 #catch
1960 1 1 2392700 #catch
1960 1 2 1142300 #catch
1960 1 3 1966700 #catch
1960 1 4 165900 #catch
1960 1 5 167700 #catch
1960 1 6 112900 #catch
1960 1 7 125800 #catch
1960 1 8 270600 #catch
1961 1 0 1269200 #catch
1961 1 1 336000 #catch
1961 1 2 1889400 #catch
1961 1 3 479900 #catch
1961 1 4 1455900 #catch
1961 1 5 124000 #catch
1961 1 6 157900 #catch
1961 1 7 61400 #catch
1961 1 8 143500 #catch
1962 1 0 141800 #catch
1962 1 1 2146900 #catch
1962 1 2 269600 #catch
1962 1 3 797400 #catch
1962 1 4 335100 #catch
1962 1 5 1081800 #catch
1962 1 6 126900 #catch
1962 1 7 145100 #catch
1962 1 8 173100 #catch
1963 1 0 442800 #catch
1963 1 1 1262200 #catch
1963 1 2 2961200 #catch
1963 1 3 177200 #catch
1963 1 4 158300 #catch
1963 1 5 80600 #catch
1963 1 6 229700 #catch
1963 1 7 22400 #catch
1963 1 8 93000 #catch
1964 1 0 496900 #catch
1964 1 1 2971700 #catch
1964 1 2 1547500 #catch
1964 1 3 2243100 #catch
1964 1 4 148400 #catch
1964 1 5 149000 #catch
1964 1 6 95000 #catch
1964 1 7 256300 #catch
1964 1 8 84000 #catch
1965 1 0 157100 #catch
1965 1 1 3209300 #catch
1965 1 2 2217600 #catch
1965 1 3 1324600 #catch
1965 1 4 2039400 #catch
1965 1 5 145100 #catch
1965 1 6 151900 #catch
1965 1 7 117600 #catch
1965 1 8 491400 #catch
1966 1 0 374500 #catch
1966 1 1 1383100 #catch
1966 1 2 2569700 #catch
1966 1 3 741200 #catch
1966 1 4 450100 #catch
1966 1 5 889800 #catch
1966 1 6 45300 #catch
1966 1 7 64800 #catch
1966 1 8 331800 #catch
1967 1 0 645400 #catch
1967 1 1 1674300 #catch
1967 1 2 1171500 #catch
1967 1 3 1364700 #catch
1967 1 4 371500 #catch
1967 1 5 297800 #catch
1967 1 6 393100 #catch
1967 1 7 67900 #catch
1967 1 8 254400 #catch
1968 1 0 839300 #catch
1968 1 1 2425000 #catch
1968 1 2 1795200 #catch
1968 1 3 1494300 #catch
1968 1 4 621400 #catch
1968 1 5 157100 #catch
1968 1 6 145000 #catch
1968 1 7 163400 #catch
1968 1 8 105500 #catch
1969 1 0 112000 #catch
1969 1 1 2503300 #catch
1969 1 2 1883000 #catch
1969 1 3 296300 #catch
1969 1 4 133100 #catch
1969 1 5 190800 #catch
1969 1 6 49900 #catch
1969 1 7 42700 #catch
1969 1 8 52500 #catch
1970 1 0 898100 #catch
1970 1 1 1196200 #catch
1970 1 2 2002800 #catch
1970 1 3 883600 #catch
1970 1 4 125200 #catch
1970 1 5 50300 #catch
1970 1 6 61000 #catch
1970 1 7 7900 #catch
1970 1 8 24200 #catch
1971 1 0 684000 #catch
1971 1 1 4378500 #catch
1971 1 2 1146800 #catch
1971 1 3 662500 #catch
1971 1 4 208300 #catch
1971 1 5 26900 #catch
1971 1 6 30500 #catch
1971 1 7 26800 #catch
1971 1 8 12500 #catch
1972 1 0 750400 #catch
1972 1 1 3340600 #catch
1972 1 2 1440500 #catch
1972 1 3 343800 #catch
1972 1 4 130600 #catch
1972 1 5 32900 #catch
1972 1 6 5000 #catch
1972 1 7 200 #catch
1972 1 8 1500 #catch
1972 5 1 1133 #LAI
1972 5 2 4583 #LAI
1972 5 3 30 #LAI
1972 5 5 165 #LAI
1972 5 6 88 #LAI
1972 5 7 134 #LAI
1972 5 8 22 #LAI
1972 5 9 2 #LAI
1972 5 10 46 #LAI
1973 1 0 289400 #catch
1973 1 1 2368000 #catch
1973 1 2 1344200 #catch
1973 1 3 659200 #catch
1973 1 4 150200 #catch
1973 1 5 59300 #catch
1973 1 6 30600 #catch
1973 1 7 3700 #catch
1973 1 8 2000 #catch
1973 5 1 2029 #LAI
1973 5 2 822 #LAI
1973 5 3 3 #LAI
1973 5 4 4 #LAI
1973 5 5 492 #LAI
1973 5 6 830 #LAI
1973 5 7 1213 #LAI
1973 5 8 152 #LAI
1973 5 11 1 #LAI
1974 1 0 996100 #catch
1974 1 1 846100 #catch
1974 1 2 772600 #catch
1974 1 3 362000 #catch
1974 1 4 126000 #catch
1974 1 5 56100 #catch
1974 1 6 22300 #catch
1974 1 7 5000 #catch
1974 1 8 3100 #catch
1974 5 1 758 #LAI
1974 5 2 421 #LAI
1974 5 3 101 #LAI
1974 5 4 284 #LAI
1974 5 5 81 #LAI
1974 5 7 1184 #LAI
1974 5 10 10 #LAI
1975 1 0 263800 #catch
1975 1 1 2460500 #catch
1975 1 2 541700 #catch
1975 1 3 259600 #catch
1975 1 4 140500 #catch
1975 1 5 57200 #catch
1975 1 6 16100 #catch
1975 1 7 9100 #catch
1975 1 8 4800 #catch
1975 5 1 371 #LAI
1975 5 2 50 #LAI
1975 5 3 312 #LAI
1975 5 6 90 #LAI
1975 5 7 77 #LAI
1975 5 8 6 #LAI
1975 5 9 1 #LAI
1975 5 10 2 #LAI
1976 1 0 238200 #catch
1976 1 1 126600 #catch
1976 1 2 901500 #catch
1976 1 3 117300 #catch
1976 1 4 52000 #catch
1976 1 5 34500 #catch
1976 1 6 6100 #catch
1976 1 7 4400 #catch
1976 1 8 1400 #catch
1976 5 1 545 #LAI
1976 5 2 81 #LAI
1976 5 4 1 #LAI
1976 5 5 64 #LAI
1976 5 6 108 #LAI
1976 5 8 10 #LAI
1976 5 10 3 #LAI
1977 1 0 256800 #catch
1977 1 1 144300 #catch
1977 1 2 44700 #catch
1977 1 3 186400 #catch
1977 1 4 10800 #catch
1977 1 5 7000 #catch
1977 1 6 4100 #catch
1977 1 7 1500 #catch
1977 1 8 700 #catch
1977 5 1 1133 #LAI
1977 5 2 221 #LAI
1977 5 3 124 #LAI
1977 5 4 32 #LAI
1977 5 5 520 #LAI
1977 5 6 262 #LAI
1977 5 7 89 #LAI
1977 5 8 3 #LAI
1977 5 9 1 #LAI
1978 5 1 3047 #LAI
1978 5 2 50 #LAI
1978 5 4 162 #LAI
1978 5 5 1406 #LAI
1978 5 6 81 #LAI
1978 5 7 269 #LAI
1978 5 8 2 #LAI
1978 5 9 33 #LAI
1978 5 10 3 #LAI
1979 5 1 2882 #LAI
1979 5 2 2362 #LAI
1979 5 3 197 #LAI
1979 5 4 10 #LAI
1979 5 5 662 #LAI
1979 5 6 131 #LAI
1979 5 7 507 #LAI
1979 5 8 7 #LAI
1979 5 10 111 #LAI
1979 5 11 89 #LAI
1980 1 0 1262700 #catch
1980 1 1 245100 #catch
1980 1 2 134000 #catch
1980 1 3 91800 #catch
1980 1 4 32200 #catch
1980 1 5 21700 #catch
1980 1 6 2300 #catch
1980 1 7 1400 #catch
1980 1 8 500 #catch
1980 5 1 3534 #LAI
1980 5 2 720 #LAI
1980 5 3 21 #LAI
1980 5 4 1 #LAI
1980 5 5 317 #LAI
1980 5 6 188 #LAI
1980 5 7 9 #LAI
1980 5 8 13 #LAI
1980 5 9 247 #LAI
1980 5 10 129 #LAI
1980 5 11 40 #LAI
1981 1 0 9519700 #catch
1981 1 1 872000 #catch
1981 1 2 284300 #catch
1981 1 3 56900 #catch
1981 1 4 39500 #catch
1981 1 5 28500 #catch
1981 1 6 22700 #catch
1981 1 7 18700 #catch
1981 1 8 6600 #catch
1981 5 1 3667 #LAI
1981 5 2 277 #LAI
1981 5 3 3 #LAI
1981 5 4 12 #LAI
1981 5 5 903 #LAI
1981 5 6 235 #LAI
1981 5 7 119 #LAI
1981 5 9 1456 #LAI
1981 5 11 70 #LAI
1982 1 0 11956700 #catch
1982 1 1 1116400 #catch
1982 1 2 299400 #catch
1982 1 3 230100 #catch
1982 1 4 33700 #catch
1982 1 5 14400 #catch
1982 1 6 6800 #catch
1982 1 7 7800 #catch
1982 1 8 4700 #catch
1982 5 1 2353 #LAI
1982 5 2 1116 #LAI
1982 5 3 340 #LAI
1982 5 4 257 #LAI
1982 5 5 86 #LAI
1982 5 6 64 #LAI
1982 5 7 1077 #LAI
1982 5 8 23 #LAI
1982 5 9 710 #LAI
1982 5 10 275 #LAI
1982 5 11 54 #LAI
1983 1 0 13296900 #catch
1983 1 1 2448600 #catch
1983 1 2 573800 #catch
1983 1 3 216400 #catch
1983 1 4 105100 #catch
1983 1 5 26200 #catch
1983 1 6 22800 #catch
1983 1 7 12800 #catch
1983 1 8 23100 #catch
1983 5 1 2579 #LAI
1983 5 2 812 #LAI
1983 5 3 3647 #LAI
1983 5 4 768 #LAI
1983 5 5 1459 #LAI
1983 5 6 281 #LAI
1983 5 7 63 #LAI
1983 5 9 71 #LAI
1983 5 10 243 #LAI
1983 5 11 58 #LAI
1984 1 0 6973300 #catch
1984 1 1 1818400 #catch
1984 1 2 1146200 #catch
1984 1 3 441400 #catch
1984 1 4 201500 #catch
1984 1 5 81100 #catch
1984 1 6 22600 #catch
1984 1 7 25200 #catch
1984 1 8 29700 #catch
1984 3 1 1515.627 #IBTS-Q1
1984 5 1 1795 #LAI
1984 5 2 1912 #LAI
1984 5 3 2327 #LAI
1984 5 4 1853 #LAI
1984 5 5 688 #LAI
1984 5 6 2404 #LAI
1984 5 7 824 #LAI
1984 5 8 433 #LAI
1984 5 9 523 #LAI
1984 5 10 185 #LAI
1984 5 11 39 #LAI
1985 1 0 4211000 #catch
1985 1 1 3253000 #catch
1985 1 2 1326300 #catch
1985 1 3 1182400 #catch
1985 1 4 368500 #catch
1985 1 5 124500 #catch
1985 1 6 43600 #catch
1985 1 7 20200 #catch
1985 1 8 29200 #catch
1985 3 1 2097.28 #IBTS-Q1
1985 5 1 5632 #LAI
1985 5 2 3432 #LAI
1985 5 3 2521 #LAI
1985 5 4 1812 #LAI
1985 5 5 130 #LAI
1985 5 6 13039 #LAI
1985 5 7 1794 #LAI
1985 5 8 215 #LAI
1985 5 9 1851 #LAI
1985 5 10 407 #LAI
1985 5 11 38 #LAI
1986 1 0 3724700 #catch
1986 1 1 4801400 #catch
1986 1 2 1266700 #catch
1986 1 3 840800 #catch
1986 1 4 465900 #catch
1986 1 5 129800 #catch
1986 1 6 62100 #catch
1986 1 7 20500 #catch
1986 1 8 28400 #catch
1986 3 1 2662.812 #IBTS-Q1
1986 5 1 3529 #LAI
1986 5 2 1842 #LAI
1986 5 3 3278 #LAI
1986 5 4 341 #LAI
1986 5 5 1611 #LAI
1986 5 6 6112 #LAI
1986 5 7 188 #LAI
1986 5 8 36 #LAI
1986 5 9 780 #LAI
1986 5 10 123 #LAI
1986 5 11 18 #LAI
1987 1 0 8229200 #catch
1987 1 1 6836300 #catch
1987 1 2 2137200 #catch
1987 1 3 667900 #catch
1987 1 4 467100 #catch
1987 1 5 245800 #catch
1987 1 6 74700 #catch
1987 1 7 23800 #catch
1987 1 8 16200 #catch
1987 3 1 3692.965 #IBTS-Q1
1987 5 1 7409 #LAI
1987 5 2 1848 #LAI
1987 5 3 2551 #LAI
1987 5 4 670 #LAI
1987 5 5 799 #LAI
1987 5 6 4927 #LAI
1987 5 7 1992 #LAI
1987 5 8 113 #LAI
1987 5 9 934 #LAI
1987 5 10 297 #LAI
1987 5 11 146 #LAI
1988 1 0 3164800 #catch
1988 1 1 7867000 #catch
1988 1 2 2232500 #catch
1988 1 3 1090700 #catch
1988 1 4 383700 #catch
1988 1 5 255800 #catch
1988 1 6 128100 #catch
1988 1 7 38000 #catch
1988 1 8 23800 #catch
1988 3 1 4394.168 #IBTS-Q1
1988 5 1 7538 #LAI
1988 5 2 8832 #LAI
1988 5 3 6812 #LAI
1988 5 4 5248 #LAI
1988 5 5 5533 #LAI
1988 5 6 3808 #LAI
1988 5 7 1960 #LAI
1988 5 8 206 #LAI
1988 5 9 1679 #LAI
1988 5 10 162 #LAI
1988 5 11 112 #LAI
1989 1 0 3057800 #catch
1989 1 1 3145900 #catch
1989 1 2 1593700 #catch
1989 1 3 1363800 #catch
1989 1 4 809300 #catch
1989 1 5 211800 #catch
1989 1 6 123700 #catch
1989 1 7 61000 #catch
1989 1 8 28200 #catch
1989 2 2 4090000 #HERAS
1989 2 3 3903000 #HERAS
1989 2 4 1633000 #HERAS
1989 2 5 492000 #HERAS
1989 2 6 283000 #HERAS
1989 2 7 120000 #HERAS
1989 2 8 66000 #HERAS
1989 3 1 2331.566 #IBTS-Q1
1989 5 1 11477 #LAI
1989 5 2 5725 #LAI
1989 5 3 5879 #LAI
1989 5 4 692 #LAI
1989 5 5 1442 #LAI
1989 5 6 5010 #LAI
1989 5 7 2364 #LAI
1989 5 8 2 #LAI
1989 5 9 1514 #LAI
1989 5 10 2120 #LAI
1989 5 11 512 #LAI
1990 1 0 1302800 #catch
1990 1 1 3020000 #catch
1990 1 2 899300 #catch
1990 1 3 779100 #catch
1990 1 4 861000 #catch
1990 1 5 387500 #catch
1990 1 6 80200 #catch
1990 1 7 54400 #catch
1990 1 8 40700 #catch
1990 2 2 3306000 #HERAS
1990 2 3 3521000 #HERAS
1990 2 4 3414000 #HERAS
1990 2 5 1366000 #HERAS
1990 2 6 392000 #HERAS
1990 2 7 210000 #HERAS
1990 2 8 176000 #HERAS
1990 3 1 1061.572 #IBTS-Q1
1990 5 2 10144 #LAI
1990 5 3 4590 #LAI
1990 5 4 2045 #LAI
1990 5 5 19965 #LAI
1990 5 6 1239 #LAI
1990 5 7 975 #LAI
1990 5 9 2552 #LAI
1990 5 10 1204 #LAI
1991 1 0 2386600 #catch
1991 1 1 2138900 #catch
1991 1 2 1132800 #catch
1991 1 3 556700 #catch
1991 1 4 548900 #catch
1991 1 5 501200 #catch
1991 1 6 205300 #catch
1991 1 7 39300 #catch
1991 1 8 38600 #catch
1991 2 2 2634000 #HERAS
1991 2 3 1700000 #HERAS
1991 2 4 1959000 #HERAS
1991 2 5 1849000 #HERAS
1991 2 6 644000 #HERAS
1991 2 7 228000 #HERAS
1991 2 8 145000 #HERAS
1991 3 1 1286.747 #IBTS-Q1
1991 5 1 1021 #LAI
1991 5 2 2397 #LAI
1991 5 4 2032 #LAI
1991 5 5 4823 #LAI
1991 5 6 2110 #LAI
1991 5 7 1249 #LAI
1991 5 9 4400 #LAI
1991 5 10 873 #LAI
1992 1 0 10331300 #catch
1992 1 1 2303100 #catch
1992 1 2 1284900 #catch
1992 1 3 442700 #catch
1992 1 4 361500 #catch
1992 1 5 360500 #catch
1992 1 6 375600 #catch
1992 1 7 152400 #catch
1992 1 8 62500 #catch
1992 2 2 3734000 #HERAS
1992 2 3 1378000 #HERAS
1992 2 4 1147000 #HERAS
1992 2 5 1134000 #HERAS
1992 2 6 1246000 #HERAS
1992 2 7 395000 #HERAS
1992 2 8 218000 #HERAS
1992 3 1 1268.145 #IBTS-Q1
1992 4 0 200.7 #IBTS0
1992 5 1 189 #LAI
1992 5 2 4917 #LAI
1992 5 4 822 #LAI
1992 5 5 10 #LAI
1992 5 6 165 #LAI
1992 5 7 163 #LAI
1992 5 9 176 #LAI
1992 5 10 1616 #LAI
1993 1 0 10265400 #catch
1993 1 1 3826800 #catch
1993 1 2 1176300 #catch
1993 1 3 609000 #catch
1993 1 4 305500 #catch
1993 1 5 215600 #catch
1993 1 6 226000 #catch
1993 1 7 188000 #catch
1993 1 8 129000 #catch
1993 2 2 2984000 #HERAS
1993 2 3 1637000 #HERAS
1993 2 4 902000 #HERAS
1993 2 5 741000 #HERAS
1993 2 6 777000 #HERAS
1993 2 7 551000 #HERAS
1993 2 8 296000 #HERAS
1993 3 1 2794.007 #IBTS-Q1
1993 4 0 190.1 #IBTS0
1993 5 2 66 #LAI
1993 5 4 174 #LAI
1993 5 6 685 #LAI
1993 5 7 85 #LAI
1993 5 9 1358 #LAI
1993 5 10 1103 #LAI
1994 1 0 4498900 #catch
1994 1 1 1785200 #catch
1994 1 2 1783200 #catch
1994 1 3 489100 #catch
1994 1 4 347600 #catch
1994 1 5 109000 #catch
1994 1 6 91800 #catch
1994 1 7 76400 #catch
1994 1 8 116600 #catch
1994 2 2 3185000 #HERAS
1994 2 3 839000 #HERAS
1994 2 4 399000 #HERAS
1994 2 5 381000 #HERAS
1994 2 6 321000 #HERAS
1994 2 7 326000 #HERAS
1994 2 8 350000 #HERAS
1994 3 1 1752.053 #IBTS-Q1
1994 4 0 101.7 #IBTS0
1994 5 1 26 #LAI
1994 5 2 1179 #LAI
1994 5 6 1464 #LAI
1994 5 7 44 #LAI
1994 5 9 537 #LAI
1994 5 10 595 #LAI
1995 1 0 7438469 #catch
1995 1 1 1664874 #catch
1995 1 2 1444061 #catch
1995 1 3 816703 #catch
1995 1 4 231794 #catch
1995 1 5 118536 #catch
1995 1 6 55128 #catch
1995 1 7 41409 #catch
1995 1 8 98200 #catch
1995 2 2 3849000 #HERAS
1995 2 3 2041000 #HERAS
1995 2 4 672000 #HERAS
1995 2 5 299000 #HERAS
1995 2 6 203000 #HERAS
1995 2 7 138000 #HERAS
1995 2 8 212000 #HERAS
1995 3 1 1345.754 #IBTS-Q1
1995 4 0 127 #IBTS0
1995 5 2 8688 #LAI
1995 5 7 43 #LAI
1995 5 9 74 #LAI
1995 5 10 230 #LAI
1995 5 11 164 #LAI
1996 1 0 2311226 #catch
1996 1 1 1606393 #catch
1996 1 2 642084 #catch
1996 1 3 525601 #catch
1996 1 4 172099 #catch
1996 1 5 57586 #catch
1996 1 6 22534 #catch
1996 1 7 9264 #catch
1996 1 8 21143 #catch
1996 2 2 4497000 #HERAS
1996 2 3 2824000 #HERAS
1996 2 4 1087000 #HERAS
1996 2 5 311000 #HERAS
1996 2 6 99000 #HERAS
1996 2 7 83000 #HERAS
1996 2 8 339000 #HERAS
1996 3 1 1890.872 #IBTS-Q1
1996 4 0 106.5 #IBTS0
1996 5 2 809 #LAI
1996 5 4 184 #LAI
1996 5 6 564 #LAI
1996 5 9 337 #LAI
1996 5 10 675 #LAI
1996 5 11 691 #LAI
1997 1 0 431175 #catch
1997 1 1 479702 #catch
1997 1 2 687920 #catch
1997 1 3 446909 #catch
1997 1 4 284920 #catch
1997 1 5 109178 #catch
1997 1 6 31389 #catch
1997 1 7 11832 #catch
1997 1 8 24467 #catch
1997 2 1 9361000 #HERAS
1997 2 2 5960000 #HERAS
1997 2 3 2935000 #HERAS
1997 2 4 1441000 #HERAS
1997 2 5 601000 #HERAS
1997 2 6 215000 #HERAS
1997 2 7 46000 #HERAS
1997 2 8 237000 #HERAS
1997 3 1 4402.996 #IBTS-Q1
1997 4 0 148.1 #IBTS0
1997 5 2 3611 #LAI
1997 5 4 23 #LAI
1997 5 9 9374 #LAI
1997 5 10 918 #LAI
1997 5 11 355 #LAI
1998 1 0 259526 #catch
1998 1 1 977680 #catch
1998 1 2 1220105 #catch
1998 1 3 537932 #catch
1998 1 4 276333 #catch
1998 1 5 175817 #catch
1998 1 6 88927 #catch
1998 1 7 15232 #catch
1998 1 8 20550 #catch
1998 2 1 4449000 #HERAS
1998 2 2 5747000 #HERAS
1998 2 3 2520000 #HERAS
1998 2 4 1625000 #HERAS
1998 2 5 982000 #HERAS
1998 2 6 445000 #HERAS
1998 2 7 170000 #HERAS
1998 2 8 166000 #HERAS
1998 3 1 2275.845 #IBTS-Q1
1998 4 0 53.1 #IBTS0
1998 5 2 8528 #LAI
1998 5 4 1490 #LAI
1998 5 5 205 #LAI
1998 5 6 66 #LAI
1998 5 9 1522 #LAI
1998 5 10 953 #LAI
1998 5 11 170 #LAI
1999 1 0 1566349 #catch
1999 1 1 303520 #catch
1999 1 2 616354 #catch
1999 1 3 1058716 #catch
1999 1 4 294066 #catch
1999 1 5 135648 #catch
1999 1 6 69299 #catch
1999 1 7 27998 #catch
1999 1 8 12228 #catch
1999 2 1 5087000 #HERAS
1999 2 2 3078000 #HERAS
1999 2 3 4725000 #HERAS
1999 2 4 1116000 #HERAS
1999 2 5 506000 #HERAS
1999 2 6 314000 #HERAS
1999 2 7 139000 #HERAS
1999 2 8 141000 #HERAS
1999 3 1 752.862 #IBTS-Q1
1999 4 0 244 #IBTS0
1999 5 2 4064 #LAI
1999 5 4 185 #LAI
1999 5 6 134 #LAI
1999 5 7 181 #LAI
1999 5 9 804 #LAI
1999 5 10 1260 #LAI
1999 5 11 344 #LAI
2000 1 0 1105085 #catch
2000 1 1 1171677 #catch
2000 1 2 622853 #catch
2000 1 3 463170 #catch
2000 1 4 646814 #catch
2000 1 5 213466 #catch
2000 1 6 82481 #catch
2000 1 7 35706 #catch
2000 1 8 17087 #catch
2000 2 1 24736000 #HERAS
2000 2 2 2923000 #HERAS
2000 2 3 2156000 #HERAS
2000 2 4 3140000 #HERAS
2000 2 5 1007000 #HERAS
2000 2 6 483000 #HERAS
2000 2 7 266000 #HERAS
2000 2 8 217000 #HERAS
2000 3 1 3303.932 #IBTS-Q1
2000 4 0 137.1 #IBTS0
2000 5 2 3972 #LAI
2000 5 3 28 #LAI
2000 5 4 155 #LAI
2000 5 6 376 #LAI
2000 5 9 7346 #LAI
2000 5 10 338 #LAI
2000 5 11 106 #LAI
2001 1 0 1832691 #catch
2001 1 1 614469 #catch
2001 1 2 842635 #catch
2001 1 3 485628 #catch
2001 1 4 278884 #catch
2001 1 5 321743 #catch
2001 1 6 90918 #catch
2001 1 7 38252 #catch
2001 1 8 20602 #catch
2001 2 1 6837000 #HERAS
2001 2 2 12290000 #HERAS
2001 2 3 3083000 #HERAS
2001 2 4 1462000 #HERAS
2001 2 5 1676000 #HERAS
2001 2 6 450000 #HERAS
2001 2 7 170000 #HERAS
2001 2 8 157000 #HERAS
2001 3 1 2499.391 #IBTS-Q1
2001 4 0 214.8 #IBTS0
2001 5 2 11918 #LAI
2001 5 4 164 #LAI
2001 5 6 1604 #LAI
2001 5 9 971 #LAI
2001 5 10 5531 #LAI
2001 5 11 909 #LAI
2002 1 0 730279 #catch
2002 1 1 837557 #catch
2002 1 2 579592 #catch
2002 1 3 970577 #catch
2002 1 4 292205 #catch
2002 1 5 140701 #catch
2002 1 6 174570 #catch
2002 1 7 48908 #catch
2002 1 8 43322 #catch
2002 2 1 23055000 #HERAS
2002 2 2 4875000 #HERAS
2002 2 3 8220000 #HERAS
2002 2 4 1390000 #HERAS
2002 2 5 794600 #HERAS
2002 2 6 1031000 #HERAS
2002 2 7 244400 #HERAS
2002 2 8 270500 #HERAS
2002 3 1 3881.426 #IBTS-Q1
2002 4 0 161.8 #IBTS0
2002 5 2 6669 #LAI
2002 5 4 1038 #LAI
2002 5 7 3291 #LAI
2002 5 9 2008 #LAI
2002 5 10 260 #LAI
2002 5 11 925 #LAI
2003 1 0 369074 #catch
2003 1 1 617021 #catch
2003 1 2 1221992 #catch
2003 1 3 529386 #catch
2003 1 4 835552 #catch
2003 1 5 244780 #catch
2003 1 6 107751 #catch
2003 1 7 123291 #catch
2003 1 8 46715 #catch
2003 2 1 9829400 #HERAS
2003 2 2 18949400 #HERAS
2003 2 3 3081000 #HERAS
2003 2 4 4188900 #HERAS
2003 2 5 675100 #HERAS
2003 2 6 494800 #HERAS
2003 2 7 568300 #HERAS
2003 2 8 323200 #HERAS
2003 3 1 2836.7 #IBTS-Q1
2003 4 0 54.4 #IBTS0
2003 5 2 3199 #LAI
2003 5 4 2263 #LAI
2003 5 6 12018 #LAI
2003 5 7 3277 #LAI
2003 5 9 12048 #LAI
2003 5 10 3109 #LAI
2003 5 11 1116 #LAI
2004 1 0 715597 #catch
2004 1 1 206648 #catch
2004 1 2 447918 #catch
2004 1 3 1366155 #catch
2004 1 4 543376 #catch
2004 1 5 753231 #catch
2004 1 6 169324 #catch
2004 1 7 104945 #catch
2004 1 8 97142 #catch
2004 2 1 5183700 #HERAS
2004 2 2 3415900 #HERAS
2004 2 3 9191800 #HERAS
2004 2 4 2167300 #HERAS
2004 2 5 2590700 #HERAS
2004 2 6 317100 #HERAS
2004 2 7 327600 #HERAS
2004 2 8 527650 #HERAS
2004 3 1 979.031 #IBTS-Q1
2004 4 0 47.3 #IBTS0
2004 5 2 7055 #LAI
2004 5 4 3884 #LAI
2004 5 6 5545 #LAI
2004 5 9 6528 #LAI
2004 5 10 2052 #LAI
2004 5 11 4175 #LAI
2005 1 0 1015554 #catch
2005 1 1 715547 #catch
2005 1 2 355453 #catch
2005 1 3 485746 #catch
2005 1 4 1318647 #catch
2005 1 5 479961 #catch
2005 1 6 576154 #catch
2005 1 7 115212 #catch
2005 1 8 146808 #catch
2005 2 1 3114100 #HERAS
2005 2 2 2055100 #HERAS
2005 2 3 3648500 #HERAS
2005 2 4 5789600 #HERAS
2005 2 5 1212900 #HERAS
2005 2 6 1174900 #HERAS
2005 2 7 139900 #HERAS
2005 2 8 233200 #HERAS
2005 3 1 1014.574 #IBTS-Q1
2005 4 0 61.3 #IBTS0
2005 5 2 3380 #LAI
2005 5 4 1364 #LAI
2005 5 6 5614 #LAI
2005 5 9 498 #LAI
2005 5 10 3999 #LAI
2005 5 11 4822 #LAI
2006 1 0 878637 #catch
2006 1 1 222111 #catch
2006 1 2 401087 #catch
2006 1 3 310602 #catch
2006 1 4 464620 #catch
2006 1 5 997782 #catch
2006 1 6 252150 #catch
2006 1 7 247042 #catch
2006 1 8 106412 #catch
2006 2 1 6822800 #HERAS
2006 2 2 3772300 #HERAS
2006 2 3 1997200 #HERAS
2006 2 4 2097500 #HERAS
2006 2 5 4175100 #HERAS
2006 2 6 618200 #HERAS
2006 2 7 562100 #HERAS
2006 2 8 154700 #HERAS
2006 3 1 899.732 #IBTS-Q1
2006 4 0 83.1 #IBTS0
2006 5 1 6311 #LAI
2006 5 2 2312 #LAI
2006 5 4 280 #LAI
2006 5 6 2259 #LAI
2006 5 9 10858 #LAI
2006 5 10 2700 #LAI
2006 5 11 2106 #LAI
2007 1 0 621005 #catch
2007 1 1 235553 #catch
2007 1 2 219115 #catch
2007 1 3 417452 #catch
2007 1 4 285746 #catch
2007 1 5 309454 #catch
2007 1 6 629187 #catch
2007 1 7 147830 #catch
2007 1 8 156750 #catch
2007 2 1 6261000 #HERAS
2007 2 2 2750000 #HERAS
2007 2 3 1848000 #HERAS
2007 2 4 898000 #HERAS
2007 2 5 806000 #HERAS
2007 2 6 1323000 #HERAS
2007 2 7 243000 #HERAS
2007 2 8 217000 #HERAS
2007 3 1 1322.346 #IBTS-Q1
2007 4 0 37.2 #IBTS0
2007 5 2 1753 #LAI
2007 5 4 1304 #LAI
2007 5 6 291 #LAI
2007 5 9 4443 #LAI
2007 5 10 2439 #LAI
2007 5 11 3854 #LAI
2008 1 0 798284 #catch
2008 1 1 235022 #catch
2008 1 2 331772 #catch
2008 1 3 184771 #catch
2008 1 4 199069 #catch
2008 1 5 137529 #catch
2008 1 6 118349 #catch
2008 1 7 215542 #catch
2008 1 8 117258 #catch
2008 2 1 3714000 #HERAS
2008 2 2 2853000 #HERAS
2008 2 3 1709000 #HERAS
2008 2 4 1485000 #HERAS
2008 2 5 809000 #HERAS
2008 2 6 712000 #HERAS
2008 2 7 1749000 #HERAS
2008 2 8 455000 #HERAS
2008 3 1 1791.537 #IBTS-Q1
2008 4 0 27.8 #IBTS0
2008 5 1 4978 #LAI
2008 5 2 6875 #LAI
2008 5 4 533 #LAI
2008 5 6 11201 #LAI
2008 5 9 8426 #LAI
2008 5 10 2317 #LAI
2008 5 11 4008 #LAI
2009 1 0 650043 #catch
2009 1 1 175923 #catch
2009 1 2 259434 #catch
2009 1 3 106738 #catch
2009 1 4 93321 #catch
2009 1 5 86137 #catch
2009 1 6 37951 #catch
2009 1 7 53130 #catch
2009 1 8 143131 #catch
2009 2 1 4655000 #HERAS
2009 2 2 5632000 #HERAS
2009 2 3 2553000 #HERAS
2009 2 4 1023000 #HERAS
2009 2 5 1077000 #HERAS
2009 2 6 674000 #HERAS
2009 2 7 638000 #HERAS
2009 2 8 1720000 #HERAS
2009 3 1 2338.813 #IBTS-Q1
2009 4 0 95.8 #IBTS0
2009 5 2 7543 #LAI
2009 5 4 4629 #LAI
2009 5 6 4219 #LAI
2009 5 9 15295 #LAI
2009 5 10 14712 #LAI
2009 5 11 1689 #LAI
2010 1 0 574895 #catch
2010 1 1 280728 #catch
2010 1 2 293887 #catch
2010 1 3 236804 #catch
2010 1 4 126241 #catch
2010 1 5 83893 #catch
2010 1 6 61542 #catch
2010 1 7 33305 #catch
2010 1 8 113675 #catch
2010 2 1 14577000 #HERAS
2010 2 2 4237000 #HERAS
2010 2 3 4216000 #HERAS
2010 2 4 2453000 #HERAS
2010 2 5 1246000 #HERAS
2010 2 6 1332000 #HERAS
2010 2 7 688000 #HERAS
2010 2 8 2729000 #HERAS
2010 3 1 1206.335 #IBTS-Q1
2010 4 0 77.1 #IBTS0
2010 5 2 2362 #LAI
2010 5 4 1493 #LAI
2010 5 6 2317 #LAI
2010 5 9 7493 #LAI
2010 5 10 13230 #LAI
2010 5 11 8073 #LAI
2011 1 0 778927 #catch
2011 1 1 159504 #catch
2011 1 2 367820 #catch
2011 1 3 275016 #catch
2011 1 4 218711 #catch
2011 1 5 130127 #catch
2011 1 6 62938 #catch
2011 1 7 52081 #catch
2011 1 8 125734 #catch
2011 2 1 10119000 #HERAS
2011 2 2 4166000 #HERAS
2011 2 3 2534000 #HERAS
2011 2 4 2173000 #HERAS
2011 2 5 1016000 #HERAS
2011 2 6 651000 #HERAS
2011 2 7 688000 #HERAS
2011 2 8 1737000 #HERAS
2011 3 1 2938.982 #IBTS-Q1
2011 4 0 77 #IBTS0
2011 5 2 3831 #LAI
2011 5 4 2839 #LAI
2011 5 6 17766 #LAI
2011 5 9 5461 #LAI
2011 5 10 6160 #LAI
2011 5 11 1215 #LAI
2012 1 0 773241 #catch
2012 1 1 284906 #catch
2012 1 2 455259 #catch
2012 1 3 673465 #catch
2012 1 4 404265 #catch
2012 1 5 306234 #catch
2012 1 6 152577 #catch
2012 1 7 104461 #catch
2012 1 8 205427 #catch
2012 2 1 7437000 #HERAS
2012 2 2 4719000 #HERAS
2012 2 3 4067000 #HERAS
2012 2 4 1738000 #HERAS
2012 2 5 1209000 #HERAS
2012 2 6 593000 #HERAS
2012 2 7 247000 #HERAS
2012 2 8 696000 #HERAS
2012 3 1 1352.769 #IBTS-Q1
2012 4 0 68 #IBTS0
2012 5 2 19552 #LAI
2012 5 4 5856 #LAI
2012 5 6 517 #LAI
2012 5 9 22768 #LAI
2012 5 10 11103 #LAI
2012 5 11 3285 #LAI
2013 1 0 461571 #catch
2013 1 1 413000 #catch
2013 1 2 324920 #catch
2013 1 3 485185 #catch
2013 1 4 571269 #catch
2013 1 5 422765 #catch
2013 1 6 327213 #catch
2013 1 7 145330 #catch
2013 1 8 313638 #catch
2013 2 1 6388000 #HERAS
2013 2 2 2683000 #HERAS
2013 2 3 3031000 #HERAS
2013 2 4 2895000 #HERAS
2013 2 5 1546000 #HERAS
2013 2 6 849000 #HERAS
2013 2 7 464000 #HERAS
2013 2 8 842000 #HERAS
2013 3 1 1665.11 #IBTS-Q1
2013 4 0 50.4 #IBTS0
2013 5 2 21282 #LAI
2013 5 4 8618 #LAI
2013 5 6 7354 #LAI
2013 5 9 5 #LAI
2013 5 10 9314 #LAI
2013 5 11 2957 #LAI
2014 3 1 2960.804 #IBTS-Q1
2014 4 0 164.5 #IBTS0
# Proportion mature 
# 0 1 2 3 4 5 6 7 8 #   
 0 0 1 1 1 1 1 1 1 # 1947 
 0 0 1 1 1 1 1 1 1 # 1948 
 0 0 1 1 1 1 1 1 1 # 1949 
 0 0 1 1 1 1 1 1 1 # 1950 
 0 0 1 1 1 1 1 1 1 # 1951 
 0 0 1 1 1 1 1 1 1 # 1952 
 0 0 1 1 1 1 1 1 1 # 1953 
 0 0 1 1 1 1 1 1 1 # 1954 
 0 0 1 1 1 1 1 1 1 # 1955 
 0 0 1 1 1 1 1 1 1 # 1956 
 0 0 1 1 1 1 1 1 1 # 1957 
 0 0 1 1 1 1 1 1 1 # 1958 
 0 0 1 1 1 1 1 1 1 # 1959 
 0 0 1 1 1 1 1 1 1 # 1960 
 0 0 1 1 1 1 1 1 1 # 1961 
 0 0 1 1 1 1 1 1 1 # 1962 
 0 0 1 1 1 1 1 1 1 # 1963 
 0 0 1 1 1 1 1 1 1 # 1964 
 0 0 1 1 1 1 1 1 1 # 1965 
 0 0 1 1 1 1 1 1 1 # 1966 
 0 0 1 1 1 1 1 1 1 # 1967 
 0 0 1 1 1 1 1 1 1 # 1968 
 0 0 1 1 1 1 1 1 1 # 1969 
 0 0 1 1 1 1 1 1 1 # 1970 
 0 0 1 1 1 1 1 1 1 # 1971 
 0 0 0.82 1 1 1 1 1 1 # 1972 
 0 0 0.82 1 1 1 1 1 1 # 1973 
 0 0 0.82 1 1 1 1 1 1 # 1974 
 0 0 0.82 1 1 1 1 1 1 # 1975 
 0 0 0.82 1 1 1 1 1 1 # 1976 
 0 0 0.82 1 1 1 1 1 1 # 1977 
 0 0 0.82 1 1 1 1 1 1 # 1978 
 0 0 0.82 1 1 1 1 1 1 # 1979 
 0 0 0.82 1 1 1 1 1 1 # 1980 
 0 0 0.82 1 1 1 1 1 1 # 1981 
 0 0 0.82 1 1 1 1 1 1 # 1982 
 0 0 0.82 1 1 1 1 1 1 # 1983 
 0 0 0.82 1 1 1 1 1 1 # 1984 
 0 0 0.7 1 1 1 1 1 1 # 1985 
 0 0 0.75 1 1 1 1 1 1 # 1986 
 0 0 0.8 1 1 1 1 1 1 # 1987 
 0 0 0.85 0.93 1 1 1 1 1 # 1988 
 0 0 0.82 0.94 1 1 1 1 1 # 1989 
 0 0 0.91 0.97 1 1 1 1 1 # 1990 
 0 0 0.86 0.99 1 1 1 1 1 # 1991 
 0 0 0.5 0.99 1 1 1 1 1 # 1992 
 0 0 0.47 0.61 1 1 1 1 1 # 1993 
 0 0 0.73 0.93 1 1 1 1 1 # 1994 
 0 0 0.67 0.95 1 1 1 1 1 # 1995 
 0 0 0.61 0.98 1 1 1 1 1 # 1996 
 0 0 0.64 0.94 1 1 1 1 1 # 1997 
 0 0 0.64 0.89 1 1 1 1 1 # 1998 
 0 0 0.69 0.91 1 1 1 1 1 # 1999 
 0 0 0.67 0.96 1 1 1 1 1 # 2000 
 0 0 0.77 0.92 1 1 1 1 1 # 2001 
 0 0 0.87 0.97 1 1 1 1 1 # 2002 
 0 0 0.43 0.93 1 1 1 1 1 # 2003 
 0 0 0.7 0.65 1 1 1 1 1 # 2004 
 0 0 0.76 0.96 0.96 1 1 1 1 # 2005 
 0 0 0.66 0.88 0.98 1 1 1 1 # 2006 
 0 0 0.71 0.92 0.93 1 1 1 1 # 2007 
 0 0 0.86 0.98 0.99 1 1 1 1 # 2008 
 0 0 0.89 1 1 1 1 1 1 # 2009 
 0 0 0.45 0.9 1 1 1 1 1 # 2010 
 0 0 0.87 0.84 1 1 1 1 1 # 2011 
 0 0 0.91 0.99 1 1 1 1 1 # 2012 
 0 0 0.83 0.96 0.98 1 1 1 1 # 2013 
 0 0 0.83 0.96 0.98 1 1 1 1 # 2014 
# Stock mean weights 
# 0 1 2 3 4 5 6 7 8 #   
 0.015 0.05 0.122 0.14 0.156 0.171 0.185 0.197 0.2625 # 1947 
 0.015 0.05 0.122 0.14 0.156 0.171 0.185 0.197 0.2625 # 1948 
 0.015 0.05 0.124 0.141666666666667 0.157666666666667 0.172666666666667 0.186333333333333 0.198333333333333 0.263 # 1949 
 0.015 0.05 0.126 0.145333333333333 0.161 0.175666666666667 0.189 0.200666666666667 0.264 # 1950 
 0.015 0.05 0.13 0.151 0.167666666666667 0.181666666666667 0.194333333333333 0.205333333333333 0.265833333333333 # 1951 
 0.015 0.05 0.133 0.157666666666667 0.175 0.189333333333333 0.201333333333333 0.211333333333333 0.268333333333333 # 1952 
 0.015 0.05 0.136 0.163 0.183 0.197666666666667 0.209666666666667 0.218666666666667 0.271333333333333 # 1953 
 0.015 0.05 0.137666666666667 0.167 0.188666666666667 0.205 0.217 0.226 0.274333333333333 # 1954 
 0.015 0.05 0.138666666666667 0.168666666666667 0.192666666666667 0.21 0.223 0.232333333333333 0.277166666666667 # 1955 
 0.015 0.05 0.139666666666667 0.170333333333333 0.195 0.213666666666667 0.227333333333333 0.237666666666667 0.2795 # 1956 
 0.015 0.05 0.140333333333333 0.171666666666667 0.196666666666667 0.216 0.230666666666667 0.241333333333333 0.2815 # 1957 
 0.015 0.05 0.140666666666667 0.173 0.198 0.217666666666667 0.232666666666667 0.243666666666667 0.282833333333333 # 1958 
 0.015 0.05 0.141666666666667 0.174333333333333 0.199333333333333 0.219333333333333 0.234333333333333 0.245333333333333 0.284 # 1959 
 0.015 0.05 0.146333333333333 0.179 0.207666666666667 0.226333333333333 0.248666666666667 0.263666666666667 0.293624045331362 # 1960 
 0.015 0.05 0.151 0.183333333333333 0.215666666666667 0.233 0.262666666666667 0.281666666666667 0.303414634146341 # 1961 
 0.015 0.05 0.155 0.187 0.223 0.239 0.276 0.299 0.309008665511265 # 1962 
 0.015 0.05 0.155 0.187 0.223 0.239 0.276 0.299 0.309290322580645 # 1963 
 0.015 0.05 0.155 0.187 0.223 0.239 0.276 0.299 0.310121428571429 # 1964 
 0.015 0.05 0.155 0.187 0.223 0.239 0.276 0.299 0.306957264957265 # 1965 
 0.015 0.05 0.155 0.187 0.223 0.239 0.276 0.299 0.310273056057866 # 1966 
 0.015 0.05 0.155 0.187 0.223 0.239 0.276 0.299 0.310075471698113 # 1967 
 0.015 0.05 0.155 0.187 0.223 0.239 0.276 0.299 0.311220853080569 # 1968 
 0.015 0.05 0.155 0.187 0.223 0.239 0.276 0.299 0.308868571428571 # 1969 
 0.015 0.05 0.155 0.187 0.223 0.239 0.276 0.299 0.30902479338843 # 1970 
 0.015 0.05 0.155 0.187 0.223 0.239 0.276 0.299 0.311952 # 1971 
 0.015 0.05 0.155 0.187 0.223 0.239 0.276 0.299 0.3076 # 1972 
 0.015 0.05 0.155 0.187 0.223 0.239 0.276 0.299 0.3078 # 1973 
 0.015 0.05 0.155 0.187 0.223 0.239 0.276 0.299 0.308129032258065 # 1974 
 0.015 0.05 0.155 0.187 0.223 0.239 0.276 0.299 0.30775 # 1975 
 0.015 0.05 0.155 0.187 0.223 0.239 0.276 0.299 0.307714285714286 # 1976 
 0.015 0.05 0.155 0.187 0.223 0.239 0.276 0.299 0.306 # 1977 
 0.015 0.05 0.155 0.187 0.223 0.239 0.276 0.299 0.3096 # 1978 
 0.015 0.05 0.155 0.187 0.223 0.239 0.276 0.299 0.306857142857143 # 1979 
 0.015 0.05 0.155 0.187 0.223 0.239 0.276 0.299 0.3072 # 1980 
 0.015 0.05 0.155 0.187 0.223 0.239 0.276 0.299 0.307 # 1981 
 0.015 0.05 0.155 0.187 0.223 0.239 0.276 0.299 0.307404255319149 # 1982 
 0.015 0.05 0.155 0.187 0.223 0.239 0.276 0.299 0.309142857142857 # 1983 
 0.0173333333333333 0.0566666666666667 0.150333333333333 0.190333333333333 0.229666666666667 0.243333333333333 0.282 0.310666666666667 0.343511784511785 # 1984 
 0.0156666666666667 0.0563333333333333 0.138 0.187 0.232333333333333 0.246666666666667 0.274666666666667 0.321 0.354382420091324 # 1985 
 0.014 0.061 0.13 0.183333333333333 0.231666666666667 0.252 0.273 0.314666666666667 0.362774647887324 # 1986 
 0.009 0.0503333333333333 0.121666666666667 0.17 0.212333333333333 0.23 0.242 0.274666666666667 0.30562962962963 # 1987 
 0.008 0.0483333333333333 0.123 0.166333333333333 0.208333333333333 0.229 0.248333333333333 0.258666666666667 0.285357142857143 # 1988 
 0.00866666666666667 0.0436666666666667 0.122333333333333 0.165333333333333 0.204666666666667 0.228333333333333 0.252333333333333 0.261333333333333 0.288595744680851 # 1989 
 0.0123333333333333 0.052 0.125666666666667 0.174333333333333 0.211666666666667 0.243666666666667 0.270666666666667 0.283666666666667 0.307884520884521 # 1990 
 0.0113333333333333 0.059 0.139 0.183666666666667 0.212 0.238666666666667 0.265333333333333 0.279666666666667 0.309538860103627 # 1991 
 0.0103333333333333 0.0636666666666667 0.136666666666667 0.194 0.214 0.234333333333333 0.253 0.271666666666667 0.298704533333333 # 1992 
 0.00566666666666667 0.061 0.134 0.184333333333333 0.213 0.234333333333333 0.261666666666667 0.272666666666667 0.307936434108527 # 1993 
 0.00733333333333333 0.06 0.126333333333333 0.191666666666667 0.214333333333333 0.239666666666667 0.274666666666667 0.291333333333333 0.320523727844483 # 1994 
 0.006 0.0573333333333333 0.129333333333333 0.185666666666667 0.210666666666667 0.224333333333333 0.268 0.293333333333333 0.326140156143924 # 1995 
 0.006 0.054 0.129666666666667 0.199333333333333 0.227333333333333 0.234333333333333 0.273666666666667 0.300666666666667 0.327067902694351 # 1996 
 0.005 0.0486666666666667 0.123333333333333 0.183333333333333 0.230333333333333 0.237333333333333 0.256666666666667 0.280333333333333 0.310040067574011 # 1997 
 0.00566666666666667 0.0473333333333333 0.116 0.187333333333333 0.241333333333333 0.264333333333333 0.283666666666667 0.286666666666667 0.30833901054339 # 1998 
 0.006 0.0506666666666667 0.116 0.179333333333333 0.226333333333333 0.256 0.273333333333333 0.276 0.278118798386217 # 1999 
 0.00566666666666667 0.0513333333333333 0.115666666666667 0.183666666666667 0.221333333333333 0.248333333333333 0.278666666666667 0.286 0.284171182770527 # 2000 
 0.006 0.0506666666666667 0.121666666666667 0.171666666666667 0.21 0.232666666666667 0.255333333333333 0.274666666666667 0.274494223861761 # 2001 
 0.00633333333333333 0.0473333333333333 0.128 0.171666666666667 0.205333333333333 0.228333333333333 0.248333333333333 0.270333333333333 0.286521182463106 # 2002 
 0.00666666666666667 0.047 0.123 0.173 0.202333333333333 0.222 0.242333333333333 0.265666666666667 0.284946134360841 # 2003 
 0.00666666666666667 0.042 0.119333333333333 0.165333333333333 0.202666666666667 0.223 0.247666666666667 0.267666666666667 0.280490193050723 # 2004 
 0.00573333333333333 0.0414333333333333 0.1181 0.164433333333333 0.1979 0.2245 0.247833333333333 0.264866666666667 0.284945259795106 # 2005 
 0.00676666666666667 0.041 0.125666666666667 0.1554 0.1909 0.2158 0.2419 0.252133333333333 0.270223449736245 # 2006 
 0.0061 0.0513333333333333 0.128 0.160733333333333 0.179566666666667 0.2068 0.223566666666667 0.2378 0.25648110281765 # 2007 
 0.00793333333333333 0.0577 0.130366666666667 0.1642 0.180766666666667 0.195433333333333 0.2177 0.226066666666667 0.255556490530852 # 2008 
 0.00723333333333333 0.0614333333333333 0.137366666666667 0.181 0.196866666666667 0.209966666666667 0.2225 0.233633333333333 0.255759738514601 # 2009 
 0.00713333333333333 0.0522333333333333 0.142266666666667 0.190366666666667 0.216266666666667 0.2236 0.2342 0.2401 0.260682860787332 # 2010 
 0.00666666666666667 0.0431666666666667 0.1453 0.187433333333333 0.225066666666667 0.239366666666667 0.2435 0.250766666666667 0.257247512473423 # 2011 
 0.0061 0.0405666666666667 0.137633333333333 0.182133333333333 0.211433333333333 0.232733333333333 0.2408 0.2429 0.252465635643481 # 2012 
 0.00623333333333333 0.0404666666666667 0.1354 0.174666666666667 0.208733333333333 0.2211 0.241766666666667 0.2493 0.251841350963 # 2013 
 0.00623333333333333 0.0404666666666667 0.1354 0.174666666666667 0.208733333333333 0.2211 0.241766666666667 0.2493 0.251841350963 # 2014 
# Catch mean weights 
# 0 1 2 3 4 5 6 7 8 #   
 0.015 0.05 0.122 0.14 0.156 0.171 0.185 0.197 0.242 # 1947 
 0.015 0.05 0.122 0.14 0.156 0.171 0.185 0.197 0.242 # 1948 
 0.015 0.05 0.128 0.145 0.161 0.176 0.189 0.201 0.2435 # 1949 
 0.015 0.05 0.128 0.151 0.166 0.18 0.193 0.204 0.245 # 1950 
 0.015 0.05 0.134 0.157 0.176 0.189 0.201 0.211 0.2475 # 1951 
 0.015 0.05 0.137 0.165 0.183 0.199 0.21 0.219 0.251 # 1952 
 0.015 0.05 0.137 0.167 0.19 0.205 0.218 0.226 0.254 # 1953 
 0.015 0.05 0.139 0.169 0.193 0.211 0.223 0.233 0.2565 # 1954 
 0.015 0.05 0.14 0.17 0.195 0.214 0.228 0.238 0.2595 # 1955 
 0.015 0.05 0.14 0.172 0.197 0.216 0.231 0.242 0.261 # 1956 
 0.015 0.05 0.141 0.173 0.198 0.218 0.233 0.244 0.2625 # 1957 
 0.015 0.05 0.141 0.174 0.199 0.219 0.234 0.245 0.2635 # 1958 
 0.015 0.05 0.143 0.176 0.201 0.221 0.236 0.247 0.2645 # 1959 
 0.015 0.05 0.126 0.176 0.211 0.243 0.251 0.267 0.271 # 1960 
 0.015 0.05 0.126 0.176 0.211 0.243 0.251 0.267 0.271 # 1961 
 0.015 0.05 0.126 0.176 0.211 0.243 0.251 0.267 0.271 # 1962 
 0.015 0.05 0.126 0.176 0.211 0.243 0.251 0.267 0.271 # 1963 
 0.015 0.05 0.126 0.176 0.211 0.243 0.251 0.267 0.271 # 1964 
 0.015 0.05 0.126 0.176 0.211 0.243 0.251 0.267 0.271 # 1965 
 0.015 0.05 0.126 0.176 0.211 0.243 0.251 0.267 0.271 # 1966 
 0.015 0.05 0.126 0.176 0.211 0.243 0.251 0.267 0.271 # 1967 
 0.015 0.05 0.126 0.176 0.211 0.243 0.251 0.267 0.271 # 1968 
 0.015 0.05 0.126 0.176 0.211 0.243 0.251 0.267 0.271 # 1969 
 0.015 0.05 0.126 0.176 0.211 0.243 0.251 0.267 0.271 # 1970 
 0.015 0.05 0.126 0.176 0.211 0.243 0.251 0.267 0.271 # 1971 
 0.015 0.05 0.126 0.176 0.211 0.243 0.251 0.267 0.271 # 1972 
 0.015 0.05 0.126 0.176 0.211 0.243 0.251 0.267 0.271 # 1973 
 0.015 0.05 0.126 0.176 0.211 0.243 0.251 0.267 0.271 # 1974 
 0.015 0.05 0.126 0.176 0.211 0.243 0.251 0.267 0.271 # 1975 
 0.015 0.05 0.126 0.176 0.211 0.243 0.251 0.267 0.271 # 1976 
 0.015 0.05 0.126 0.176 0.211 0.243 0.251 0.267 0.271 # 1977 
 0.015 0.05 0.126 0.176 0.211 0.243 0.251 0.267 0.271 # 1978 
 0.015 0.05 0.126 0.176 0.211 0.243 0.251 0.267 0.271 # 1979 
 0.015 0.05 0.126 0.176 0.211 0.243 0.251 0.267 0.271 # 1980 
 0.007 0.049 0.118 0.142 0.189 0.211 0.222 0.267 0.271 # 1981 
 0.01 0.059 0.118 0.149 0.179 0.217 0.238 0.265 0.274234042553192 # 1982 
 0.01 0.059 0.118 0.149 0.179 0.217 0.238 0.265 0.27452380952381 # 1983 
 0.01 0.059 0.118 0.149 0.179 0.217 0.238 0.265 0.274626262626263 # 1984 
 0.009 0.036 0.128 0.164 0.194 0.211 0.22 0.258 0.282130136986301 # 1985 
 0.006 0.067 0.121 0.153 0.182 0.208 0.221 0.238 0.257211267605634 # 1986 
 0.011 0.035 0.099 0.15 0.18 0.211 0.234 0.258 0.288135802469136 # 1987 
 0.011 0.055 0.111 0.145 0.174 0.197 0.216 0.237 0.256571428571429 # 1988 
 0.017 0.043 0.115 0.153 0.173 0.208 0.231 0.247 0.263148936170213 # 1989 
 0.019 0.055 0.114 0.149 0.177 0.193 0.229 0.236 0.260818181818182 # 1990 
 0.017 0.058 0.13 0.166 0.184 0.203 0.217 0.235 0.263041450777202 # 1991 
 0.01 0.053 0.102 0.175 0.189 0.207 0.223 0.237 0.2631664 # 1992 
 0.01 0.033 0.115 0.145 0.189 0.204 0.228 0.244 0.273455813953488 # 1993 
 0.006 0.056 0.13 0.159 0.181 0.214 0.24 0.255 0.276197255574614 # 1994 
 0.009 0.042 0.13 0.169 0.198 0.207 0.243 0.247 0.28091532586558 # 1995 
 0.015 0.018 0.112 0.156 0.188 0.204 0.212 0.261 0.281493827744407 # 1996 
 0.015 0.044 0.108 0.148 0.195 0.227 0.226 0.235 0.254943679241427 # 1997 
 0.021 0.051 0.114 0.145 0.183 0.219 0.238 0.247 0.287895182481752 # 1998 
 0.009 0.045 0.115 0.151 0.171 0.207 0.233 0.245 0.267719005561008 # 1999 
 0.015 0.033 0.113 0.157 0.179 0.201 0.216 0.246 0.273126119271961 # 2000 
 0.012 0.048 0.118 0.149 0.177 0.198 0.213 0.238 0.269744005436365 # 2001 
 0.012 0.037 0.118 0.153 0.17 0.199 0.214 0.228 0.250401735838604 # 2002 
 0.014 0.037 0.104 0.158 0.174 0.184 0.205 0.222 0.236646387669913 # 2003 
 0.014 0.036 0.1 0.138 0.183 0.201 0.216 0.228 0.254511519219287 # 2004 
 0.011 0.044 0.099 0.153 0.166 0.208 0.223 0.24 0.265367643452673 # 2005 
 0.01 0.049 0.117 0.144 0.172 0.181 0.22 0.237 0.246006080141337 # 2006 
 0.0124 0.0638 0.1214 0.1513 0.1634 0.1933 0.19 0.2232 0.237493293779904 # 2007 
 0.0079 0.0535 0.1288 0.1796 0.1812 0.1832 0.2157 0.2161 0.262075964113323 # 2008 
 0.0094 0.0514 0.144 0.1811 0.2158 0.2162 0.239 0.2428 0.253272269459446 # 2009 
 0.0075 0.0571 0.1292 0.1669 0.1912 0.2203 0.2193 0.216 0.238389163844293 # 2010 
 0.008 0.0413 0.1317 0.1593 0.1831 0.197 0.2167 0.2211 0.23191804444303 # 2011 
 0.0106 0.0463 0.1243 0.1706 0.1854 0.2058 0.2215 0.2387 0.242721280065425 # 2012 
 0.0077 0.0468 0.1162 0.1563 0.1977 0.198 0.2154 0.2334 0.237843194064495 # 2013 
 0.0077 0.0468 0.1162 0.1563 0.1977 0.198 0.2154 0.2334 0.237843194064495 # 2014 
# Natural Mortality 
# 0 1 2 3 4 5 6 7 8 #   
 1.30629621682393 0.859747984989963 0.305696975901641 0.281748369694043 0.253190785983985 0.230040262773635 0.229396193804403 0.225807351827377 0.225807351827377 # 1947 
 1.30639026237713 0.859741539757995 0.305666850770602 0.281716548125818 0.253157993502055 0.230006811135663 0.229362903715163 0.225774933110128 0.225774933110128 # 1948 
 1.30688213259852 0.859711807650656 0.305519085511143 0.281559219508931 0.252993462676476 0.229838858325668 0.229197458686887 0.225614887933693 0.225614887933693 # 1949 
 1.30720834886083 0.859693457952454 0.30542447069219 0.281457995032979 0.252886685370627 0.22972981610821 0.229090676691863 0.225512004402795 0.225512004402795 # 1950 
 1.30662198225195 0.859730090985376 0.305603624527228 0.281648364770534 0.253085020374076 0.229932252210663 0.229290633252835 0.225705773333928 0.225705773333928 # 1951 
 1.30437835803122 0.859863028603334 0.306270848007041 0.282359721031954 0.253830767996693 0.230693576087972 0.230039296675266 0.226429160356343 0.226429160356343 # 1952 
 1.30686049014314 0.859709313598158 0.305516225115407 0.281557440284689 0.252994031092401 0.229839552945802 0.229196453268965 0.22561283952388 0.22561283952388 # 1953 
 1.30934148370545 0.85956314711396 0.304780259213849 0.2807725764245 0.252170808548583 0.228999094275692 0.228370233545507 0.224814662051519 0.224814662051519 # 1954 
 1.30883943017241 0.859601709461445 0.304951396597424 0.280951872653218 0.252352798841384 0.229184605020919 0.228556766716742 0.224997586748306 0.224997586748306 # 1955 
 1.30369014920752 0.859913256149982 0.306499393702418 0.282600213458309 0.254076695391323 0.230944432722931 0.230290416057697 0.22667461798959 0.22667461798959 # 1956 
 1.29316023692761 0.860527716693123 0.309606965406106 0.285916502339057 0.257559506109773 0.234500195474517 0.233782613787419 0.230046095468421 0.230046095468421 # 1957 
 1.3192711507027 0.858940738572277 0.301743110657239 0.277546036548365 0.248810346570942 0.225569437234951 0.224982236237461 0.221531235361567 0.221531235361567 # 1958 
 1.32174645151701 0.858832314692974 0.30110042970606 0.27684825712355 0.248054695829493 0.224796800925142 0.224239134928216 0.220823774689711 0.220823774689711 # 1959 
 1.3063291625072 0.85979452119887 0.305807083515296 0.281848353796808 0.253262750305388 0.230112158747055 0.229489432572914 0.22591221023224 0.22591221023224 # 1960 
 1.27794374438306 0.861470989592663 0.31423937922739 0.290841917483763 0.262696178141018 0.239743571232989 0.238958662762475 0.235059774196011 0.235059774196011 # 1961 
 1.24051067552808 0.863600019408833 0.325144823924547 0.302497946742799 0.274973559702024 0.25227900923245 0.251243602436027 0.246903482862577 0.246903482862577 # 1962 
 1.44982571957815 0.851005847968046 0.262423836912901 0.235693707594903 0.205064548876786 0.180915646037116 0.180980348487672 0.178956934827294 0.178956934827294 # 1963 
 1.33412295558856 0.858290195296457 0.297887024950164 0.273359359999477 0.244276442122249 0.220933619376101 0.220523628381994 0.217286471330432 0.217286471330432 # 1964 
 1.22924271745816 0.864605553728351 0.32934035256148 0.306848837163097 0.279303022684863 0.25668894785662 0.255740920796404 0.251354387944886 0.251354387944886 # 1965 
 1.13601665376235 0.869853331561629 0.356400857787856 0.335809735918541 0.309863317319169 0.287900633662656 0.286304813710276 0.280797594014867 0.280797594014867 # 1966 
 1.05334533125316 0.874245168489682 0.379672047410334 0.360778093037977 0.336360467507051 0.314956199229759 0.312668300803791 0.306122026195406 0.306122026195406 # 1967 
 0.980577114654317 0.877814421380061 0.39935452888749 0.3819478459135 0.358955478558859 0.338027591106325 0.335036853580351 0.327561648499979 0.327561648499979 # 1968 
 0.918600841730938 0.880401710781352 0.414594470726686 0.398562244072868 0.377043107698716 0.356557815776657 0.352790276685473 0.344464813754775 0.344464813754775 # 1969 
 0.867362162776888 0.882062668167886 0.425566334783674 0.410771627038895 0.390739295280598 0.370647873701627 0.366036386802811 0.356939159725702 0.356939159725702 # 1970 
 0.824794661308995 0.883153166795824 0.434013168539613 0.420130567196251 0.401286821309645 0.381456702394479 0.376072673492967 0.366357577835808 0.366357577835808 # 1971 
 0.793964294452494 0.883760121357108 0.437906534372533 0.424896891365937 0.407382738509934 0.387809974410376 0.38151383305523 0.37114956255083 0.37114956255083 # 1972 
 0.775502714215817 0.883761766516669 0.43683849131358 0.424678342378199 0.408682456446833 0.389362763849408 0.381981957980725 0.370927291916591 0.370927291916591 # 1973 
 0.763692046440592 0.883200955490154 0.434982831823595 0.42305436663157 0.407866290387413 0.388518110542219 0.380285632117805 0.368837682726276 0.368837682726276 # 1974 
 0.76887031773747 0.884454549118375 0.430203015168782 0.416984252954002 0.400995494010628 0.381051877729514 0.372415467485257 0.361434072351641 0.361434072351641 # 1975 
 0.790110827344587 0.886442450138144 0.421389016942312 0.405905394748756 0.388201093954272 0.367279587198038 0.358448725185822 0.348466889935886 0.348466889935886 # 1976 
 0.804798610044798 0.884022074609105 0.414254404095469 0.397114395277332 0.378268064923677 0.356413766597484 0.347323962693784 0.337878689929359 0.337878689929359 # 1977 
 0.812445863479227 0.873357538879072 0.408804395191446 0.39088619793589 0.370673307289721 0.347537323899491 0.338160392862064 0.328918765496666 0.328918765496666 # 1978 
 0.823851320933454 0.858771558460628 0.402421359210728 0.383707347609292 0.361317875078682 0.336505652462962 0.326948865210898 0.318059767002567 0.318059767002567 # 1979 
 0.833329820657012 0.847359448160576 0.396884588730543 0.377191849792089 0.353622973478991 0.327690008018493 0.317935392215544 0.30907928469764 0.30907928469764 # 1980 
 0.839417100323631 0.837595787410644 0.394414608536563 0.373907932982299 0.350799681694497 0.32413505487569 0.314086141202997 0.304432458076279 0.304432458076279 # 1981 
 0.845002059576995 0.826220356400855 0.393663078443086 0.372472451515134 0.35042775109451 0.323003931180621 0.31271908978664 0.301839433024006 0.301839433024006 # 1982 
 0.850929279621565 0.817726271075449 0.391055993570266 0.368572349640941 0.347481395115649 0.319845603418572 0.309607965871312 0.297975309378088 0.297975309378088 # 1983 
 0.861881752682166 0.813393250729159 0.384676431439946 0.359512520784143 0.340230993489924 0.313326747447979 0.303282911416421 0.291090738036003 0.291090738036003 # 1984 
 0.875865749956529 0.809884574407419 0.376775771051676 0.348260017875567 0.331745925100298 0.306080618914913 0.29621650031929 0.283244753267924 0.283244753267924 # 1985 
 0.883710771108469 0.804768697680525 0.370032459742183 0.338995024425162 0.324198902109826 0.299606053986114 0.290096108391634 0.276825029970163 0.276825029970163 # 1986 
 0.883351757582985 0.803019391668747 0.362021960408664 0.328930886285342 0.314531809851286 0.291312856496235 0.282415371035713 0.269383605326368 0.269383605326368 # 1987 
 0.880138604686064 0.805314898123613 0.352128737340893 0.316756285218479 0.302522084252922 0.281211991392186 0.273080074218014 0.260460960255098 0.260460960255098 # 1988 
 0.876023242873004 0.802780378562305 0.345744739964457 0.308864408599463 0.294595763370988 0.274704036509087 0.267395819596589 0.255427435255034 0.255427435255034 # 1989 
 0.868609679660914 0.79397526050232 0.344371795382722 0.306610183613375 0.291150926308292 0.272098894275045 0.266229408226039 0.25596249799892 0.25596249799892 # 1990 
 0.857713672784381 0.783738135505259 0.344868877124205 0.306329946574148 0.288706393939177 0.270464963640312 0.266587107142139 0.258883910775673 0.258883910775673 # 1991 
 0.848604778024922 0.772612911154453 0.345663654252215 0.306888998549942 0.287869316977201 0.270340567223231 0.267983716974701 0.262269456008242 0.262269456008242 # 1992 
 0.832395773762132 0.749485430424569 0.346241767627985 0.309698249893542 0.290067041884423 0.272650702338625 0.271386084183774 0.267151443400176 0.267151443400176 # 1993 
 0.80885186198634 0.716696395832545 0.34769408014072 0.315172938996253 0.294853298439328 0.277060347583765 0.276912441799166 0.274268118733378 0.274268118733378 # 1994 
 0.796221233895163 0.694972004275119 0.350856093895699 0.320684858984022 0.300024812330118 0.282217797500667 0.28280467030533 0.281256168548317 0.281256168548317 # 1995 
 0.796493327095549 0.686913670825447 0.357083989715196 0.327364451516094 0.307263398886262 0.289997731673068 0.290632890505541 0.289259276259778 0.289259276259778 # 1996 
 0.800355860211661 0.681776064571652 0.365658397035393 0.336285859385858 0.317334537840358 0.300697260738905 0.300935530649999 0.299226908252717 0.299226908252717 # 1997 
 0.80910444596694 0.680265263432927 0.374301490882423 0.344736427420474 0.3266604514853 0.310598325821495 0.310406932393539 0.308504425522859 0.308504425522859 # 1998 
 0.831519620027498 0.691341313582779 0.386920524908035 0.355034041805942 0.337385091332194 0.322225165493959 0.321476548946695 0.319639133781887 0.319639133781887 # 1999 
 0.863522752433405 0.711333250395459 0.402781100680541 0.367244240422758 0.350058844669533 0.336071013879225 0.334529676873792 0.332682920306724 0.332682920306724 # 2000 
 0.887120707469047 0.722000635591283 0.412642915100913 0.375275845639832 0.35871358745629 0.345371305425321 0.343194422860354 0.341238018440951 0.341238018440951 # 2001 
 0.902168689125722 0.723646574509374 0.416480954900582 0.379129323796257 0.363287303572892 0.350095149979881 0.347457083193394 0.34531418099753 0.34531418099753 # 2002 
 0.918071513100999 0.725531752136339 0.419035662031684 0.381866448398042 0.366785567957185 0.353640748833361 0.350496325671404 0.348081729109902 0.348081729109902 # 2003 
 0.931160461238669 0.722852099663719 0.418214916226249 0.381988002564471 0.367841643154275 0.354387173598029 0.350728814247128 0.347883748602372 0.347883748602372 # 2004 
 0.941749527702593 0.715851207658688 0.414134227545429 0.379528078727859 0.366479807964884 0.352364433136152 0.348172110661704 0.34472717042858 0.34472717042858 # 2005 
 0.951547913695124 0.706814648574211 0.407814695859195 0.375250804771311 0.3634000563211 0.34839495638055 0.343632033574932 0.339461104894719 0.339461104894719 # 2006 
 0.958979711617799 0.694001326430518 0.398522585612796 0.368752016990289 0.358249223465076 0.342046445049318 0.336707632317544 0.331691906853924 0.331691906853924 # 2007 
 0.962919832521458 0.676145385904302 0.385654918452766 0.35964819364756 0.350690706298435 0.332928691897448 0.327034585394264 0.321054192882713 0.321054192882713 # 2008 
 0.963952371584306 0.653905430254495 0.369444722252698 0.348042593293083 0.340814772757748 0.321165054234207 0.31472809864815 0.307658338421522 0.307658338421522 # 2009 
 0.963065197398922 0.628427051374686 0.350412270798438 0.334261222653114 0.328908564637589 0.307093580609097 0.300106512417442 0.291824336619362 0.291824336619362 # 2010 
 0.960093005363522 0.671858768507642 0.382369838595179 0.357190966271071 0.34841266469599 0.330325745634124 0.324441772470466 0.318337975934448 0.318337975934448 # 2011 
 0.962229278280621 0.663119798491 0.376008624279174 0.352676006646012 0.344665816789712 0.325808442947518 0.31964420719435 0.31305719369438 0.31305719369438 # 2012 
 0.963312467168229 0.652825955844494 0.368503970501301 0.347317336531252 0.340138014564591 0.320395775580251 0.313956398819952 0.306845622641199 0.306845622641199 # 2013 
 0.963312467168229 0.652825955844494 0.368503970501301 0.347317336531252 0.340138014564591 0.320395775580251 0.313956398819952 0.306845622641199 0.306845622641199 # 2014 
# Landing Fraction L/(L+D) 
# 0 1 2 3 4 5 6 7 8 #   
 1 1 1 1 1 1 1 1 1 # 1947 
 1 1 1 1 1 1 1 1 1 # 1948 
 1 1 1 1 1 1 1 1 1 # 1949 
 1 1 1 1 1 1 1 1 1 # 1950 
 1 1 1 1 1 1 1 1 1 # 1951 
 1 1 1 1 1 1 1 1 1 # 1952 
 1 1 1 1 1 1 1 1 1 # 1953 
 1 1 1 1 1 1 1 1 1 # 1954 
 1 1 1 1 1 1 1 1 1 # 1955 
 1 1 1 1 1 1 1 1 1 # 1956 
 1 1 1 1 1 1 1 1 1 # 1957 
 1 1 1 1 1 1 1 1 1 # 1958 
 1 1 1 1 1 1 1 1 1 # 1959 
 1 1 1 1 1 1 1 1 1 # 1960 
 1 1 1 1 1 1 1 1 1 # 1961 
 1 1 1 1 1 1 1 1 1 # 1962 
 1 1 1 1 1 1 1 1 1 # 1963 
 1 1 1 1 1 1 1 1 1 # 1964 
 1 1 1 1 1 1 1 1 1 # 1965 
 1 1 1 1 1 1 1 1 1 # 1966 
 1 1 1 1 1 1 1 1 1 # 1967 
 1 1 1 1 1 1 1 1 1 # 1968 
 1 1 1 1 1 1 1 1 1 # 1969 
 1 1 1 1 1 1 1 1 1 # 1970 
 1 1 1 1 1 1 1 1 1 # 1971 
 1 1 1 1 1 1 1 1 1 # 1972 
 1 1 1 1 1 1 1 1 1 # 1973 
 1 1 1 1 1 1 1 1 1 # 1974 
 1 1 1 1 1 1 1 1 1 # 1975 
 1 1 1 1 1 1 1 1 1 # 1976 
 1 1 1 1 1 1 1 1 1 # 1977 
 1 1 1 1 1 1 1 1 1 # 1978 
 1 1 1 1 1 1 1 1 1 # 1979 
 1 1 1 1 1 1 1 1 1 # 1980 
 1 1 1 1 1 1 1 1 1 # 1981 
 1 1 1 1 1 1 1 1 1 # 1982 
 1 1 1 1 1 1 1 1 1 # 1983 
 1 1 1 1 1 1 1 1 1 # 1984 
 1 1 1 1 1 1 1 1 1 # 1985 
 1 1 1 1 1 1 1 1 1 # 1986 
 1 1 1 1 1 1 1 1 1 # 1987 
 1 1 1 1 1 1 1 1 1 # 1988 
 1 1 1 1 1 1 1 1 1 # 1989 
 1 1 1 1 1 1 1 1 1 # 1990 
 1 1 1 1 1 1 1 1 1 # 1991 
 1 1 1 1 1 1 1 1 1 # 1992 
 1 1 1 1 1 1 1 1 1 # 1993 
 1 1 1 1 1 1 1 1 1 # 1994 
 1 1 1 1 1 1 1 1 1 # 1995 
 1 1 1 1 1 1 1 1 1 # 1996 
 1 1 1 1 1 1 1 1 1 # 1997 
 1 1 1 1 1 1 1 1 1 # 1998 
 1 1 1 1 1 1 1 1 1 # 1999 
 1 1 1 1 1 1 1 1 1 # 2000 
 1 1 1 1 1 1 1 1 1 # 2001 
 1 1 1 1 1 1 1 1 1 # 2002 
 1 1 1 1 1 1 1 1 1 # 2003 
 1 1 1 1 1 1 1 1 1 # 2004 
 1 1 1 1 1 1 1 1 1 # 2005 
 1 1 1 1 1 1 1 1 1 # 2006 
 1 1 1 1 1 1 1 1 1 # 2007 
 1 1 1 1 1 1 1 1 1 # 2008 
 1 1 1 1 1 1 1 1 1 # 2009 
 1 1 1 1 1 1 1 1 1 # 2010 
 1 1 1 1 1 1 1 1 1 # 2011 
 1 1 1 1 1 1 1 1 1 # 2012 
 1 1 1 1 1 1 1 1 1 # 2013 
 1 1 1 1 1 1 1 1 1 # 2014 
# Catch mean weights DISCARD 
# 0 1 2 3 4 5 6 7 8 #   
 0 0 0 0 0 0 0 0 0 # 1947 
 0 0 0 0 0 0 0 0 0 # 1948 
 0 0 0 0 0 0 0 0 0 # 1949 
 0 0 0 0 0 0 0 0 0 # 1950 
 0 0 0 0 0 0 0 0 0 # 1951 
 0 0 0 0 0 0 0 0 0 # 1952 
 0 0 0 0 0 0 0 0 0 # 1953 
 0 0 0 0 0 0 0 0 0 # 1954 
 0 0 0 0 0 0 0 0 0 # 1955 
 0 0 0 0 0 0 0 0 0 # 1956 
 0 0 0 0 0 0 0 0 0 # 1957 
 0 0 0 0 0 0 0 0 0 # 1958 
 0 0 0 0 0 0 0 0 0 # 1959 
 0 0 0 0 0 0 0 0 0 # 1960 
 0 0 0 0 0 0 0 0 0 # 1961 
 0 0 0 0 0 0 0 0 0 # 1962 
 0 0 0 0 0 0 0 0 0 # 1963 
 0 0 0 0 0 0 0 0 0 # 1964 
 0 0 0 0 0 0 0 0 0 # 1965 
 0 0 0 0 0 0 0 0 0 # 1966 
 0 0 0 0 0 0 0 0 0 # 1967 
 0 0 0 0 0 0 0 0 0 # 1968 
 0 0 0 0 0 0 0 0 0 # 1969 
 0 0 0 0 0 0 0 0 0 # 1970 
 0 0 0 0 0 0 0 0 0 # 1971 
 0 0 0 0 0 0 0 0 0 # 1972 
 0 0 0 0 0 0 0 0 0 # 1973 
 0 0 0 0 0 0 0 0 0 # 1974 
 0 0 0 0 0 0 0 0 0 # 1975 
 0 0 0 0 0 0 0 0 0 # 1976 
 0 0 0 0 0 0 0 0 0 # 1977 
 0 0 0 0 0 0 0 0 0 # 1978 
 0 0 0 0 0 0 0 0 0 # 1979 
 0 0 0 0 0 0 0 0 0 # 1980 
 0 0 0 0 0 0 0 0 0 # 1981 
 0 0 0 0 0 0 0 0 0 # 1982 
 0 0 0 0 0 0 0 0 0 # 1983 
 0 0 0 0 0 0 0 0 0 # 1984 
 0 0 0 0 0 0 0 0 0 # 1985 
 0 0 0 0 0 0 0 0 0 # 1986 
 0 0 0 0 0 0 0 0 0 # 1987 
 0 0 0 0 0 0 0 0 0 # 1988 
 0 0 0 0 0 0 0 0 0 # 1989 
 0 0 0 0 0 0 0 0 0 # 1990 
 0 0 0 0 0 0 0 0 0 # 1991 
 0 0 0 0 0 0 0 0 0 # 1992 
 0 0 0 0 0 0 0 0 0 # 1993 
 0 0 0 0 0 0 0 0 0 # 1994 
 0 0 0 0 0 0 0 0 0 # 1995 
 0 0 0 0 0 0 0 0 0 # 1996 
 0 0 0 0 0 0 0 0 0 # 1997 
 0 0 0 0 0 0 0 0 0 # 1998 
 0 0 0 0 0 0 0 0 0 # 1999 
 0 0 0 0 0 0 0 0 0 # 2000 
 0 0 0 0 0 0 0 0 0 # 2001 
 0 0 0 0 0 0 0 0 0 # 2002 
 0 0 0 0 0 0 0 0 0 # 2003 
 0 0 0 0 0 0 0 0 0 # 2004 
 0 0 0 0 0 0 0 0 0 # 2005 
 0 0 0 0 0 0 0 0 0 # 2006 
 0 0 0 0 0 0 0 0 0 # 2007 
 0 0 0 0 0 0 0 0 0 # 2008 
 0 0 0 0 0 0 0 0 0 # 2009 
 0 0 0 0 0 0 0 0 0 # 2010 
 0 0 0 0 0 0 0 0 0 # 2011 
 0 0 0 0 0 0 0 0 0 # 2012 
 0 0 0 0 0 0 0 0 0 # 2013 
 0 0 0 0 0 0 0 0 0 # 2014 
# Catch mean weights LANDINGS 
# 0 1 2 3 4 5 6 7 8 #   
 0.015 0.05 0.122 0.14 0.156 0.171 0.185 0.197 0.242 # 1947 
 0.015 0.05 0.122 0.14 0.156 0.171 0.185 0.197 0.242 # 1948 
 0.015 0.05 0.128 0.145 0.161 0.176 0.189 0.201 0.2435 # 1949 
 0.015 0.05 0.128 0.151 0.166 0.18 0.193 0.204 0.245 # 1950 
 0.015 0.05 0.134 0.157 0.176 0.189 0.201 0.211 0.2475 # 1951 
 0.015 0.05 0.137 0.165 0.183 0.199 0.21 0.219 0.251 # 1952 
 0.015 0.05 0.137 0.167 0.19 0.205 0.218 0.226 0.254 # 1953 
 0.015 0.05 0.139 0.169 0.193 0.211 0.223 0.233 0.2565 # 1954 
 0.015 0.05 0.14 0.17 0.195 0.214 0.228 0.238 0.2595 # 1955 
 0.015 0.05 0.14 0.172 0.197 0.216 0.231 0.242 0.261 # 1956 
 0.015 0.05 0.141 0.173 0.198 0.218 0.233 0.244 0.2625 # 1957 
 0.015 0.05 0.141 0.174 0.199 0.219 0.234 0.245 0.2635 # 1958 
 0.015 0.05 0.143 0.176 0.201 0.221 0.236 0.247 0.2645 # 1959 
 0.015 0.05 0.126 0.176 0.211 0.243 0.251 0.267 0.271 # 1960 
 0.015 0.05 0.126 0.176 0.211 0.243 0.251 0.267 0.271 # 1961 
 0.015 0.05 0.126 0.176 0.211 0.243 0.251 0.267 0.271 # 1962 
 0.015 0.05 0.126 0.176 0.211 0.243 0.251 0.267 0.271 # 1963 
 0.015 0.05 0.126 0.176 0.211 0.243 0.251 0.267 0.271 # 1964 
 0.015 0.05 0.126 0.176 0.211 0.243 0.251 0.267 0.271 # 1965 
 0.015 0.05 0.126 0.176 0.211 0.243 0.251 0.267 0.271 # 1966 
 0.015 0.05 0.126 0.176 0.211 0.243 0.251 0.267 0.271 # 1967 
 0.015 0.05 0.126 0.176 0.211 0.243 0.251 0.267 0.271 # 1968 
 0.015 0.05 0.126 0.176 0.211 0.243 0.251 0.267 0.271 # 1969 
 0.015 0.05 0.126 0.176 0.211 0.243 0.251 0.267 0.271 # 1970 
 0.015 0.05 0.126 0.176 0.211 0.243 0.251 0.267 0.271 # 1971 
 0.015 0.05 0.126 0.176 0.211 0.243 0.251 0.267 0.271 # 1972 
 0.015 0.05 0.126 0.176 0.211 0.243 0.251 0.267 0.271 # 1973 
 0.015 0.05 0.126 0.176 0.211 0.243 0.251 0.267 0.271 # 1974 
 0.015 0.05 0.126 0.176 0.211 0.243 0.251 0.267 0.271 # 1975 
 0.015 0.05 0.126 0.176 0.211 0.243 0.251 0.267 0.271 # 1976 
 0.015 0.05 0.126 0.176 0.211 0.243 0.251 0.267 0.271 # 1977 
 0.015 0.05 0.126 0.176 0.211 0.243 0.251 0.267 0.271 # 1978 
 0.015 0.05 0.126 0.176 0.211 0.243 0.251 0.267 0.271 # 1979 
 0.015 0.05 0.126 0.176 0.211 0.243 0.251 0.267 0.271 # 1980 
 0.007 0.049 0.118 0.142 0.189 0.211 0.222 0.267 0.271 # 1981 
 0.01 0.059 0.118 0.149 0.179 0.217 0.238 0.265 0.274234042553192 # 1982 
 0.01 0.059 0.118 0.149 0.179 0.217 0.238 0.265 0.27452380952381 # 1983 
 0.01 0.059 0.118 0.149 0.179 0.217 0.238 0.265 0.274626262626263 # 1984 
 0.009 0.036 0.128 0.164 0.194 0.211 0.22 0.258 0.282130136986301 # 1985 
 0.006 0.067 0.121 0.153 0.182 0.208 0.221 0.238 0.257211267605634 # 1986 
 0.011 0.035 0.099 0.15 0.18 0.211 0.234 0.258 0.288135802469136 # 1987 
 0.011 0.055 0.111 0.145 0.174 0.197 0.216 0.237 0.256571428571429 # 1988 
 0.017 0.043 0.115 0.153 0.173 0.208 0.231 0.247 0.263148936170213 # 1989 
 0.019 0.055 0.114 0.149 0.177 0.193 0.229 0.236 0.260818181818182 # 1990 
 0.017 0.058 0.13 0.166 0.184 0.203 0.217 0.235 0.263041450777202 # 1991 
 0.01 0.053 0.102 0.175 0.189 0.207 0.223 0.237 0.2631664 # 1992 
 0.01 0.033 0.115 0.145 0.189 0.204 0.228 0.244 0.273455813953488 # 1993 
 0.006 0.056 0.13 0.159 0.181 0.214 0.24 0.255 0.276197255574614 # 1994 
 0.009 0.042 0.13 0.169 0.198 0.207 0.243 0.247 0.28091532586558 # 1995 
 0.015 0.018 0.112 0.156 0.188 0.204 0.212 0.261 0.281493827744407 # 1996 
 0.015 0.044 0.108 0.148 0.195 0.227 0.226 0.235 0.254943679241427 # 1997 
 0.021 0.051 0.114 0.145 0.183 0.219 0.238 0.247 0.287895182481752 # 1998 
 0.009 0.045 0.115 0.151 0.171 0.207 0.233 0.245 0.267719005561008 # 1999 
 0.015 0.033 0.113 0.157 0.179 0.201 0.216 0.246 0.273126119271961 # 2000 
 0.012 0.048 0.118 0.149 0.177 0.198 0.213 0.238 0.269744005436365 # 2001 
 0.012 0.037 0.118 0.153 0.17 0.199 0.214 0.228 0.250401735838604 # 2002 
 0.014 0.037 0.104 0.158 0.174 0.184 0.205 0.222 0.236646387669913 # 2003 
 0.014 0.036 0.1 0.138 0.183 0.201 0.216 0.228 0.254511519219287 # 2004 
 0.011 0.044 0.099 0.153 0.166 0.208 0.223 0.24 0.265367643452673 # 2005 
 0.01 0.049 0.117 0.144 0.172 0.181 0.22 0.237 0.246006080141337 # 2006 
 0.0124 0.0638 0.1214 0.1513 0.1634 0.1933 0.19 0.2232 0.237493293779904 # 2007 
 0.0079 0.0535 0.1288 0.1796 0.1812 0.1832 0.2157 0.2161 0.262075964113323 # 2008 
 0.0094 0.0514 0.144 0.1811 0.2158 0.2162 0.239 0.2428 0.253272269459446 # 2009 
 0.0075 0.0571 0.1292 0.1669 0.1912 0.2203 0.2193 0.216 0.238389163844293 # 2010 
 0.008 0.0413 0.1317 0.1593 0.1831 0.197 0.2167 0.2211 0.23191804444303 # 2011 
 0.0106 0.0463 0.1243 0.1706 0.1854 0.2058 0.2215 0.2387 0.242721280065425 # 2012 
 0.0077 0.0468 0.1162 0.1563 0.1977 0.198 0.2154 0.2334 0.237843194064495 # 2013 
 0.0077 0.0468 0.1162 0.1563 0.1977 0.198 0.2154 0.2334 0.237843194064495 # 2014 
# Fprop 
# 0 1 2 3 4 5 6 7 8 #   
 0.67 0.67 0.67 0.67 0.67 0.67 0.67 0.67 0.67 # 1947 
 0.67 0.67 0.67 0.67 0.67 0.67 0.67 0.67 0.67 # 1948 
 0.67 0.67 0.67 0.67 0.67 0.67 0.67 0.67 0.67 # 1949 
 0.67 0.67 0.67 0.67 0.67 0.67 0.67 0.67 0.67 # 1950 
 0.67 0.67 0.67 0.67 0.67 0.67 0.67 0.67 0.67 # 1951 
 0.67 0.67 0.67 0.67 0.67 0.67 0.67 0.67 0.67 # 1952 
 0.67 0.67 0.67 0.67 0.67 0.67 0.67 0.67 0.67 # 1953 
 0.67 0.67 0.67 0.67 0.67 0.67 0.67 0.67 0.67 # 1954 
 0.67 0.67 0.67 0.67 0.67 0.67 0.67 0.67 0.67 # 1955 
 0.67 0.67 0.67 0.67 0.67 0.67 0.67 0.67 0.67 # 1956 
 0.67 0.67 0.67 0.67 0.67 0.67 0.67 0.67 0.67 # 1957 
 0.67 0.67 0.67 0.67 0.67 0.67 0.67 0.67 0.67 # 1958 
 0.67 0.67 0.67 0.67 0.67 0.67 0.67 0.67 0.67 # 1959 
 0.67 0.67 0.67 0.67 0.67 0.67 0.67 0.67 0.67 # 1960 
 0.67 0.67 0.67 0.67 0.67 0.67 0.67 0.67 0.67 # 1961 
 0.67 0.67 0.67 0.67 0.67 0.67 0.67 0.67 0.67 # 1962 
 0.67 0.67 0.67 0.67 0.67 0.67 0.67 0.67 0.67 # 1963 
 0.67 0.67 0.67 0.67 0.67 0.67 0.67 0.67 0.67 # 1964 
 0.67 0.67 0.67 0.67 0.67 0.67 0.67 0.67 0.67 # 1965 
 0.67 0.67 0.67 0.67 0.67 0.67 0.67 0.67 0.67 # 1966 
 0.67 0.67 0.67 0.67 0.67 0.67 0.67 0.67 0.67 # 1967 
 0.67 0.67 0.67 0.67 0.67 0.67 0.67 0.67 0.67 # 1968 
 0.67 0.67 0.67 0.67 0.67 0.67 0.67 0.67 0.67 # 1969 
 0.67 0.67 0.67 0.67 0.67 0.67 0.67 0.67 0.67 # 1970 
 0.67 0.67 0.67 0.67 0.67 0.67 0.67 0.67 0.67 # 1971 
 0.67 0.67 0.67 0.67 0.67 0.67 0.67 0.67 0.67 # 1972 
 0.67 0.67 0.67 0.67 0.67 0.67 0.67 0.67 0.67 # 1973 
 0.67 0.67 0.67 0.67 0.67 0.67 0.67 0.67 0.67 # 1974 
 0.67 0.67 0.67 0.67 0.67 0.67 0.67 0.67 0.67 # 1975 
 0.67 0.67 0.67 0.67 0.67 0.67 0.67 0.67 0.67 # 1976 
 0.67 0.67 0.67 0.67 0.67 0.67 0.67 0.67 0.67 # 1977 
 0.67 0.67 0.67 0.67 0.67 0.67 0.67 0.67 0.67 # 1978 
 0.67 0.67 0.67 0.67 0.67 0.67 0.67 0.67 0.67 # 1979 
 0.67 0.67 0.67 0.67 0.67 0.67 0.67 0.67 0.67 # 1980 
 0.67 0.67 0.67 0.67 0.67 0.67 0.67 0.67 0.67 # 1981 
 0.67 0.67 0.67 0.67 0.67 0.67 0.67 0.67 0.67 # 1982 
 0.67 0.67 0.67 0.67 0.67 0.67 0.67 0.67 0.67 # 1983 
 0.67 0.67 0.67 0.67 0.67 0.67 0.67 0.67 0.67 # 1984 
 0.67 0.67 0.67 0.67 0.67 0.67 0.67 0.67 0.67 # 1985 
 0.67 0.67 0.67 0.67 0.67 0.67 0.67 0.67 0.67 # 1986 
 0.67 0.67 0.67 0.67 0.67 0.67 0.67 0.67 0.67 # 1987 
 0.67 0.67 0.67 0.67 0.67 0.67 0.67 0.67 0.67 # 1988 
 0.67 0.67 0.67 0.67 0.67 0.67 0.67 0.67 0.67 # 1989 
 0.67 0.67 0.67 0.67 0.67 0.67 0.67 0.67 0.67 # 1990 
 0.67 0.67 0.67 0.67 0.67 0.67 0.67 0.67 0.67 # 1991 
 0.67 0.67 0.67 0.67 0.67 0.67 0.67 0.67 0.67 # 1992 
 0.67 0.67 0.67 0.67 0.67 0.67 0.67 0.67 0.67 # 1993 
 0.67 0.67 0.67 0.67 0.67 0.67 0.67 0.67 0.67 # 1994 
 0.67 0.67 0.67 0.67 0.67 0.67 0.67 0.67 0.67 # 1995 
 0.67 0.67 0.67 0.67 0.67 0.67 0.67 0.67 0.67 # 1996 
 0.67 0.67 0.67 0.67 0.67 0.67 0.67 0.67 0.67 # 1997 
 0.67 0.67 0.67 0.67 0.67 0.67 0.67 0.67 0.67 # 1998 
 0.67 0.67 0.67 0.67 0.67 0.67 0.67 0.67 0.67 # 1999 
 0.67 0.67 0.67 0.67 0.67 0.67 0.67 0.67 0.67 # 2000 
 0.67 0.67 0.67 0.67 0.67 0.67 0.67 0.67 0.67 # 2001 
 0.67 0.67 0.67 0.67 0.67 0.67 0.67 0.67 0.67 # 2002 
 0.67 0.67 0.67 0.67 0.67 0.67 0.67 0.67 0.67 # 2003 
 0.67 0.67 0.67 0.67 0.67 0.67 0.67 0.67 0.67 # 2004 
 0.67 0.67 0.67 0.67 0.67 0.67 0.67 0.67 0.67 # 2005 
 0.67 0.67 0.67 0.67 0.67 0.67 0.67 0.67 0.67 # 2006 
 0.67 0.67 0.67 0.67 0.67 0.67 0.67 0.67 0.67 # 2007 
 0.67 0.67 0.67 0.67 0.67 0.67 0.67 0.67 0.67 # 2008 
 0.67 0.67 0.67 0.67 0.67 0.67 0.67 0.67 0.67 # 2009 
 0.67 0.67 0.67 0.67 0.67 0.67 0.67 0.67 0.67 # 2010 
 0.67 0.67 0.67 0.67 0.67 0.67 0.67 0.67 0.67 # 2011 
 0.67 0.67 0.67 0.67 0.67 0.67 0.67 0.67 0.67 # 2012 
 0.67 0.67 0.67 0.67 0.67 0.67 0.67 0.67 0.67 # 2013 
 0.67 0.67 0.67 0.67 0.67 0.67 0.67 0.67 0.67 # 2014 
# Mprop 
# 0 1 2 3 4 5 6 7 8 #   
 0.67 0.67 0.67 0.67 0.67 0.67 0.67 0.67 0.67 # 1947 
 0.67 0.67 0.67 0.67 0.67 0.67 0.67 0.67 0.67 # 1948 
 0.67 0.67 0.67 0.67 0.67 0.67 0.67 0.67 0.67 # 1949 
 0.67 0.67 0.67 0.67 0.67 0.67 0.67 0.67 0.67 # 1950 
 0.67 0.67 0.67 0.67 0.67 0.67 0.67 0.67 0.67 # 1951 
 0.67 0.67 0.67 0.67 0.67 0.67 0.67 0.67 0.67 # 1952 
 0.67 0.67 0.67 0.67 0.67 0.67 0.67 0.67 0.67 # 1953 
 0.67 0.67 0.67 0.67 0.67 0.67 0.67 0.67 0.67 # 1954 
 0.67 0.67 0.67 0.67 0.67 0.67 0.67 0.67 0.67 # 1955 
 0.67 0.67 0.67 0.67 0.67 0.67 0.67 0.67 0.67 # 1956 
 0.67 0.67 0.67 0.67 0.67 0.67 0.67 0.67 0.67 # 1957 
 0.67 0.67 0.67 0.67 0.67 0.67 0.67 0.67 0.67 # 1958 
 0.67 0.67 0.67 0.67 0.67 0.67 0.67 0.67 0.67 # 1959 
 0.67 0.67 0.67 0.67 0.67 0.67 0.67 0.67 0.67 # 1960 
 0.67 0.67 0.67 0.67 0.67 0.67 0.67 0.67 0.67 # 1961 
 0.67 0.67 0.67 0.67 0.67 0.67 0.67 0.67 0.67 # 1962 
 0.67 0.67 0.67 0.67 0.67 0.67 0.67 0.67 0.67 # 1963 
 0.67 0.67 0.67 0.67 0.67 0.67 0.67 0.67 0.67 # 1964 
 0.67 0.67 0.67 0.67 0.67 0.67 0.67 0.67 0.67 # 1965 
 0.67 0.67 0.67 0.67 0.67 0.67 0.67 0.67 0.67 # 1966 
 0.67 0.67 0.67 0.67 0.67 0.67 0.67 0.67 0.67 # 1967 
 0.67 0.67 0.67 0.67 0.67 0.67 0.67 0.67 0.67 # 1968 
 0.67 0.67 0.67 0.67 0.67 0.67 0.67 0.67 0.67 # 1969 
 0.67 0.67 0.67 0.67 0.67 0.67 0.67 0.67 0.67 # 1970 
 0.67 0.67 0.67 0.67 0.67 0.67 0.67 0.67 0.67 # 1971 
 0.67 0.67 0.67 0.67 0.67 0.67 0.67 0.67 0.67 # 1972 
 0.67 0.67 0.67 0.67 0.67 0.67 0.67 0.67 0.67 # 1973 
 0.67 0.67 0.67 0.67 0.67 0.67 0.67 0.67 0.67 # 1974 
 0.67 0.67 0.67 0.67 0.67 0.67 0.67 0.67 0.67 # 1975 
 0.67 0.67 0.67 0.67 0.67 0.67 0.67 0.67 0.67 # 1976 
 0.67 0.67 0.67 0.67 0.67 0.67 0.67 0.67 0.67 # 1977 
 0.67 0.67 0.67 0.67 0.67 0.67 0.67 0.67 0.67 # 1978 
 0.67 0.67 0.67 0.67 0.67 0.67 0.67 0.67 0.67 # 1979 
 0.67 0.67 0.67 0.67 0.67 0.67 0.67 0.67 0.67 # 1980 
 0.67 0.67 0.67 0.67 0.67 0.67 0.67 0.67 0.67 # 1981 
 0.67 0.67 0.67 0.67 0.67 0.67 0.67 0.67 0.67 # 1982 
 0.67 0.67 0.67 0.67 0.67 0.67 0.67 0.67 0.67 # 1983 
 0.67 0.67 0.67 0.67 0.67 0.67 0.67 0.67 0.67 # 1984 
 0.67 0.67 0.67 0.67 0.67 0.67 0.67 0.67 0.67 # 1985 
 0.67 0.67 0.67 0.67 0.67 0.67 0.67 0.67 0.67 # 1986 
 0.67 0.67 0.67 0.67 0.67 0.67 0.67 0.67 0.67 # 1987 
 0.67 0.67 0.67 0.67 0.67 0.67 0.67 0.67 0.67 # 1988 
 0.67 0.67 0.67 0.67 0.67 0.67 0.67 0.67 0.67 # 1989 
 0.67 0.67 0.67 0.67 0.67 0.67 0.67 0.67 0.67 # 1990 
 0.67 0.67 0.67 0.67 0.67 0.67 0.67 0.67 0.67 # 1991 
 0.67 0.67 0.67 0.67 0.67 0.67 0.67 0.67 0.67 # 1992 
 0.67 0.67 0.67 0.67 0.67 0.67 0.67 0.67 0.67 # 1993 
 0.67 0.67 0.67 0.67 0.67 0.67 0.67 0.67 0.67 # 1994 
 0.67 0.67 0.67 0.67 0.67 0.67 0.67 0.67 0.67 # 1995 
 0.67 0.67 0.67 0.67 0.67 0.67 0.67 0.67 0.67 # 1996 
 0.67 0.67 0.67 0.67 0.67 0.67 0.67 0.67 0.67 # 1997 
 0.67 0.67 0.67 0.67 0.67 0.67 0.67 0.67 0.67 # 1998 
 0.67 0.67 0.67 0.67 0.67 0.67 0.67 0.67 0.67 # 1999 
 0.67 0.67 0.67 0.67 0.67 0.67 0.67 0.67 0.67 # 2000 
 0.67 0.67 0.67 0.67 0.67 0.67 0.67 0.67 0.67 # 2001 
 0.67 0.67 0.67 0.67 0.67 0.67 0.67 0.67 0.67 # 2002 
 0.67 0.67 0.67 0.67 0.67 0.67 0.67 0.67 0.67 # 2003 
 0.67 0.67 0.67 0.67 0.67 0.67 0.67 0.67 0.67 # 2004 
 0.67 0.67 0.67 0.67 0.67 0.67 0.67 0.67 0.67 # 2005 
 0.67 0.67 0.67 0.67 0.67 0.67 0.67 0.67 0.67 # 2006 
 0.67 0.67 0.67 0.67 0.67 0.67 0.67 0.67 0.67 # 2007 
 0.67 0.67 0.67 0.67 0.67 0.67 0.67 0.67 0.67 # 2008 
 0.67 0.67 0.67 0.67 0.67 0.67 0.67 0.67 0.67 # 2009 
 0.67 0.67 0.67 0.67 0.67 0.67 0.67 0.67 0.67 # 2010 
 0.67 0.67 0.67 0.67 0.67 0.67 0.67 0.67 0.67 # 2011 
 0.67 0.67 0.67 0.67 0.67 0.67 0.67 0.67 0.67 # 2012 
 0.67 0.67 0.67 0.67 0.67 0.67 0.67 0.67 0.67 # 2013 
 0.67 0.67 0.67 0.67 0.67 0.67 0.67 0.67 0.67 # 2014 
# Checksums to ensure correct reading of input data 
 42 42 
