NEA Mackerel stock numbers at age - stock.n (units : NA )
1	13	
1972	2009	
0	12	
1 
2085645 5084959 2067250 4099274 7658534 0 0 0 0 0 0 0 0
4709253 1785208 4344246 1731440 3348155 5989107 0 0 0 0 0 0 0
3930988 4037538 1493674 3670051 1389309 2497803 4401404 0 0 0 0 0 0
4866816 3356300 3375004 1241693 3014899 1058319 1757444 3165640 0 0 0 0 0
4894496 4155385 2830501 2819296 990480.2 2349511 758620.1 1280097 1810238 0 0 0 0
944038.3 4154803 3314685 2205459 2080378 689083.9 1731526 529238.9 751444.7 1116024 0 0 0
3206806 806909.1 3413759 2548712 1688570 1572103 530384.4 1317632 358485.0 434825.8 741640.5 0 0
5272224 2728037 662542.7 2419774 1778306 1195180 1092295 383555.7 974777.8 240237.8 256199.6 414008 0
5514151 4431722 2014361 512025.5 1519981 1174398 797020.7 710989.7 244570.4 682201.8 138618.6 126289.2 235743.5
7185936 4715395 3433671 1370558 380984.3 1005053 776003.7 553832.8 477616.7 159905.1 466316.1 82478.97 520371.7
2004846 6132461 3802757 2490752 965324.8 297538.6 694178.1 507787.9 369209.9 295200.4 99610.8 266554.2 453600.9
1550114 1715225 5080061 2872503 1707144 660269.1 231521.9 469065.1 333158.2 234979.3 172240.4 60310.2 403310.2
7354594 1327399 1431915 3753634 2071248 1124537 451355.2 180596.0 320410 220207.7 157280.7 102805.9 236253.7
3283142 6064021 1112945 1152757 2599912 1424503 735582.6 297893.4 135005.5 218652.2 145261.2 100759.3 364893.1
3389599 2750035 4970212 938560 938145.3 1826021 992922.4 480510.3 198779.7 98107.05 144259.4 90311.44 319056.4
5105993 2871136 2313117 3884858 772266.2 736602.9 1235191 662418.5 297112.4 131763.5 71923.23 93882.46 230252.1
3559961 4387907 2434025 1845842 2730413 612214.4 551648.6 837127.5 431058.5 176509.3 81292.77 43762.93 190932.3
4390675 3010669 3635281 1967515 1412510 1852543 459471.2 394058.9 534891.6 257989.5 100365.2 50849.96 130979.6
3165130 3718484 2531761 2839397 1501243 1060690 1259522 350403.6 285419.3 357594.1 159066.0 56670.07 95338.42
3685614 2701782 3070339 1984831 2063979 1099595 767977.4 849356 262226.4 199717.7 228877.4 106380.8 189513.2
4705800 3162963 2271277 2445875 1517316 1429430 772044.1 541600.3 548286.7 178496.7 131791.5 131666.1 219266.6
5565462 4010055 2644944 1810182 1775724 1059514 947488.2 520288 360926.0 344085.7 106386.8 79648.35 186925.8
4749535 4772300 3332765 2081803 1311393 1160526 686311.4 579724.6 309485.6 220439.9 184296.1 55831.15 157452.8
4226987 4064452 3971071 2663435 1507905 881624.4 720697.6 420037.9 323952 168585.7 115986.6 105487.2 110469.8
4157612 3624522 3422759 3102345 1977684 1043639 586186.6 437717.1 230334.2 174320.3 81429.43 60735.2 101422.8
3088117 3543313 3008618 2789571 2361699 1443973 734008.2 415490.8 266158.0 146713.5 94925.42 46293.9 82877.7
2966216 2624593 2916002 2416846 2180281 1682386 1014682 506927.3 279647.9 167682.6 89866.85 57033.74 76369.35
3321609 2538784 2215192 2369530 1830894 1533586 1117770 631141.1 311468.9 167276.7 99198.17 51997.54 105455.2
2053829 2842486 2141505 1796941 1788165 1280031 1010999 688498.8 383874.5 184281.5 97847.46 56714.69 98441.16
4852982 1755924 2389811 1720472 1327308 1208505 807957 589685.3 395722 213661.1 101218.1 52334.3 106705.3
7854289 4145516 1471879 1903171 1246293 869817.2 733246.4 448456.2 321926.2 208351.9 110825.2 50951.96 97005.03
3474797 6703300 3464079 1161450 1350842 790842.8 506397 386433.8 232006.1 159937.0 101795.5 52362.79 75532.47
4436814 2966085 5604683 2738165 827517.5 862349.4 463980.1 269472.5 201934.8 116518.6 79018.08 48668.27 48018.07
6794043 3790357 2487059 4467504 1987556 544046.8 525392.6 258873.9 147908.4 106941.7 60801.45 40030.33 36417.3
6914980 5816377 3201719 2025813 3402395 1409810 365374.8 331243 161303.9 89823.22 64259.12 35765.95 41013.00
3818138 5925586 4929588 2633719 1576893 2498158 989677 243516.8 218646.3 104248.9 57547.87 40456.77 49976
4506953 3270061 5012604 4032470 2024831 1135339 1710156 639126.2 155564.3 136402.8 64402.1 34860.88 38732
3904766 3861954 2771132 4121762 3136202 1484701 795624.5 1137325 420925.7 100295.6 87172.12 40439.5 20241.73
