NEA Mackerel fishing mortality - harvest (units : f )
1	12	
1972	2009	
0	12	
1 
0.005543264 0.007434607 0.02726582 0.05240047 0.0958783 0 0 0 0 0 0 0 0
0.003894121 0.02829593 0.01864682 0.07014658 0.1429979 0.1580187 0.1982584 0.2057464 0.2221136 0.2288714 0.2424097 0.2370281 0.2370281
0.008051807 0.02923860 0.03476301 0.04663921 0.1221252 0.2015509 0.1795682 0.2624269 0.2833031 0.2919227 0.3091905 0.3023264 0.3023264
0.008034901 0.02038537 0.02990945 0.07604116 0.09935907 0.1829355 0.1669251 0.4088972 0.257137 0.2649605 0.2806335 0.2744033 0.2744033
0.01384633 0.07604244 0.0995183 0.1539374 0.2128269 0.155204 0.2100613 0.3826933 0.3336857 0.2247946 0.2380917 0.232806 0.232806
0.006955629 0.04645087 0.1127747 0.1170535 0.1301351 0.1117609 0.1231671 0.2395532 0.3970522 0.2586632 0.1714476 0.1676414 0.1676414
0.01169311 0.04712599 0.1941401 0.2099268 0.1955853 0.2141338 0.1741171 0.1513818 0.2502575 0.3789888 0.4329794 0.3212007 0.3212007
0.02366392 0.1532805 0.1077107 0.3149761 0.2649053 0.2551712 0.2793781 0.2999817 0.2068841 0.3999031 0.5573826 0.7475997 0.7475997
0.006484847 0.1051584 0.2350838 0.1456163 0.2636580 0.2643539 0.2140178 0.2478493 0.2749227 0.2304616 0.3691828 0.6452944 0.6452944
0.008529655 0.06510644 0.1710454 0.2005087 0.09721396 0.2200666 0.2740934 0.2554976 0.3311543 0.3233099 0.4092863 0.5282936 0.5282936
0.006022825 0.03827285 0.1305424 0.2277628 0.2298171 0.1008696 0.2419871 0.2714464 0.3018678 0.3887631 0.3517694 0.4597021 0.4597021
0.005106976 0.03053188 0.1525987 0.1770327 0.2674502 0.2303928 0.09841184 0.2311402 0.2640463 0.2514655 0.3660489 0.4318148 0.4318148
0.04295194 0.02621229 0.06685647 0.2172470 0.2243279 0.2744638 0.2655190 0.1409472 0.2321191 0.2660379 0.2952979 0.3766876 0.3766876
0.0271873 0.04891073 0.02041774 0.05600664 0.2033383 0.2109260 0.2758143 0.2545383 0.1692562 0.265869 0.3252691 0.338245 0.338245
0.01600378 0.02301765 0.09637608 0.04501753 0.0918559 0.2409139 0.2547550 0.330738 0.2611888 0.1604599 0.2795697 0.318583 0.318583
0.001562512 0.01516153 0.07566042 0.2026336 0.08224679 0.1391377 0.2390042 0.2796538 0.370737 0.3329514 0.3468122 0.3482134 0.3482134
0.01758700 0.03816591 0.06277525 0.1175672 0.2378935 0.1370063 0.1864107 0.2979123 0.3633247 0.4145578 0.3191779 0.3896444 0.3896444
0.01616701 0.02324744 0.09709474 0.1204775 0.1364486 0.2358270 0.1209907 0.1725411 0.2526654 0.3335996 0.4215695 0.3469822 0.3469822
0.008282587 0.04152807 0.0933814 0.1689560 0.1613516 0.1729146 0.2440091 0.1398774 0.2070544 0.2962124 0.2522948 0.3764712 0.3764712
0.002928052 0.02356927 0.07738493 0.1185904 0.2173601 0.2036556 0.1992320 0.2876801 0.2346379 0.2656841 0.4029173 0.3563184 0.3563184
0.009990904 0.02885918 0.07691468 0.1701948 0.2091331 0.2612164 0.2446592 0.2558555 0.3159075 0.3674883 0.3535996 0.4053952 0.4053952
0.003751704 0.03500271 0.08941568 0.1723374 0.2753347 0.2842341 0.3412614 0.3694707 0.3430479 0.4743471 0.49475 0.4952575 0.4952575
0.00576794 0.03379233 0.07418561 0.1725128 0.2470792 0.326409 0.3409866 0.4319577 0.4574676 0.4921502 0.4079543 0.4962532 0.4962532
0.003766937 0.02183176 0.09687756 0.1476901 0.2180075 0.2581279 0.3486469 0.4508137 0.4697008 0.5777073 0.4969513 0.4864304 0.4864304
0.009878506 0.03624173 0.0545594 0.122777 0.1645284 0.2019491 0.1941779 0.3474829 0.3010497 0.457803 0.4147266 0.3913103 0.3913103
0.01263545 0.04484889 0.06901745 0.09643403 0.1891682 0.2028229 0.2201525 0.245929 0.3120170 0.3401524 0.3594484 0.3899797 0.3899797
0.005601649 0.01958688 0.05752194 0.1276591 0.2018446 0.2588775 0.324801 0.3370683 0.3638822 0.3749534 0.3971327 0.3883162 0.3883162
0.005770258 0.02017644 0.05925334 0.1315016 0.2079201 0.2666696 0.3345774 0.347214 0.374835 0.3862394 0.4090863 0.4000045 0.4000045
0.006710674 0.02346472 0.06891023 0.1529333 0.2418061 0.3101305 0.3891056 0.4038016 0.4359242 0.4491873 0.4757577 0.4651957 0.4651957
0.007565961 0.02645534 0.07769296 0.1724249 0.2726248 0.3496572 0.4386978 0.4552669 0.4914836 0.5064371 0.5363939 0.5244858 0.5244858
0.008459728 0.02958051 0.08687082 0.1927935 0.3048299 0.3909621 0.4905212 0.5090475 0.5495425 0.5662624 0.5997581 0.5864432 0.5864432
0.008293012 0.02899756 0.08515886 0.1889941 0.2988226 0.3832575 0.4808545 0.4990157 0.5387126 0.5551031 0.5879387 0.5748862 0.5748862
0.007476327 0.02614192 0.07677253 0.1703822 0.2693950 0.3455148 0.4335006 0.4498733 0.485661 0.5004373 0.5300393 0.5182722 0.5182722
0.005368695 0.01877232 0.05512978 0.1223502 0.1934505 0.2481116 0.3112935 0.3230507 0.3487495 0.3593603 0.3806172 0.3721674 0.3721674
0.004410561 0.01542208 0.04529094 0.1005147 0.1589260 0.2038319 0.2557380 0.2653969 0.2865093 0.2952264 0.3126897 0.3057478 0.3057478
0.00495449 0.01732400 0.05087642 0.1129107 0.1785255 0.2289693 0.2872767 0.2981267 0.3218429 0.331635 0.3512519 0.343454 0.343454
0.004447933 0.01555276 0.04567471 0.1013664 0.1602726 0.205559 0.2579049 0.2676456 0.2889370 0.2977279 0.3153392 0.3083385 0.3083385
0.004382186 0.01532287 0.04499957 0.0998681 0.1579036 0.2025206 0.2540927 0.2636895 0.2846661 0.2933271 0.3106780 0.3037809 0.3037809
