1 957324.04 101304.88 30967.64 12555.32 2999.34 2721.62
1 1473182.86 249339.17 60577.24 18180.05 7067.81 2790.98
1 1662158.65 81727.41 30038.05 14162.33 6407.73 4350.54
1 3221178 260973.61 36207.29 13298.68 7583.8 2582.88
1 1464181.96 1142931.16 128186.3 19161.81 7884.71 2160.94
1 1677569.12 314112.59 120896.13 29479.25 4123.27 2090.22
1 768368.17 245190.02 98539.06 47127.86 14101.73 3235.34
1 1085665.91 161319.58 61243.13 43852.57 23381.51 8716.25
1 1147215.63 82952.16 18002.32 8921.01 7184.31 4925.93
1 1838663.39 298871.54 55758.12 16244.85 8146.93 6041.23
1 2812005.27 144183.98 29494.97 11261.23 8875.11 3856.47
1 2266363.41 141290.83 24772.49 7509.75 1880.07 1211.42
1 1277319.76 211924.66 33951.82 8157.98 2761.45 1482.16
1 1350215.15 170475.52 42915.83 12939.12 4776.26 2082.31
1 1804583.1 242829.02 31498.14 8716.84 6872.22 2669.77
1 698806.55 151233.98 82529.43 15790.32 5217.59 3137.9
1 2096595.65 91639.41 28296.97 9579.33 2835.03 1549.97
1 1605574.73 436009.04 46876.67 26400.54 13083.85 3465.22
1 1820054.74 128065.09 66079.22 9188.56 5311.77 3633.34
1 1426762.35 942761.39 107162.42 49221.44 7440.01 7590.26
1 771457.83 153337.02 98620.46 17175.12 13463.41 4797.08
1 925583.44 61815.89 33645.57 25606.1 6993.63 6385.37
1 717821.16 81625.97 14923.05 15661.01 13286.1 11413.34
1 883302.7 47592.7 10114.65 3362.82 4197.4 5762.16
1 774710.14 63262.65 15626 6017.04 4468.74 7401.69
1 732798.47 44743.53 15188.92 5626.54 2444.45 9473.59
1 916572.84 46237.68 8223.15 6221.31 3206.16 6803.82
1 1613672.6 105164.71 17699.67 7450.18 7890.69 6462.39
1 824527.57 105838.38 54899.92 11255.15 6740.62 9359.63
1 505955.08 74840.34 25321.67 12971.24 3264.04 4513.51
1 1645682.27 115694.07 17505.4 8675.78 6905.22 4480.31
1 1943845.82 125142.48 18133.44 7484.15 3959 3861.6
1 558363 423212.9 67130.76 14881.93 5348.02 4512.12
1 1361550.71 98902.92 57751.31 21014.7 7092.84 5289.73
1 689636.3 108160.35 23033.56 28790.02 11871.97 4657.14
1 970111.93 70842.17 26725.46 4260.35 7461.44 5730.04
1 1145081.14 170596.26 19692.7 5475.67 2043.56 5236.28
