# Auto generated file
# 
# Number of fleets (res+con+sur)
 5 
# Fleet types (res=0, con=1, sur=2, ssb=3)
 0 2 2 2 3 
# Sample times (only relevent for sur)
 0 0.55 0.125 0.125 0 
# Number of years
 51 
# Years
 1960 1961 1962 1963 1964 1965 1966 1967 1968 1969 1970 1971 1972 1973 1974 1975 1976 1977 1978 1979 1980 1981 1982 1983 1984 1985 1986 1987 1988 1989 1990 1991 1992 1993 1994 1995 1996 1997 1998 1999 2000 2001 2002 2003 2004 2005 2006 2007 2008 2009 2010 
# Number of observations 
 871 
# Index1 (index of first obs in each year) 
 1 11 21 31 41 51 61 71 81 91 101 111 121 131 142 153 164 175 185 196 207 218 229 240 251 267 283 299 315 331 355 379 403 428 453 478 503 528 554 580 606 632 658 684 710 736 762 788 814 840 866 
# Index2 (index of last obs in each year) 
 10 20 30 40 50 60 70 80 90 100 110 120 130 141 152 163 174 184 195 206 217 228 239 250 266 282 298 314 330 354 378 402 427 452 477 502 527 553 579 605 631 657 683 709 735 761 787 813 839 865 871 
# The observation matrix 
1960 1 0 194600
1960 1 1 2392700
1960 1 2 1142300
1960 1 3 1966700
1960 1 4 165900
1960 1 5 167700
1960 1 6 112900
1960 1 7 125800
1960 1 8 128600
1960 1 9 142000
1961 1 0 1269200
1961 1 1 336000
1961 1 2 1889400
1961 1 3 479900
1961 1 4 1455900
1961 1 5 124000
1961 1 6 157900
1961 1 7 61400
1961 1 8 56000
1961 1 9 87500
1962 1 0 141800
1962 1 1 2146900
1962 1 2 269600
1962 1 3 797400
1962 1 4 335100
1962 1 5 1081800
1962 1 6 126900
1962 1 7 145100
1962 1 8 86300
1962 1 9 86800
1963 1 0 442800
1963 1 1 1262200
1963 1 2 2961200
1963 1 3 177200
1963 1 4 158300
1963 1 5 80600
1963 1 6 229700
1963 1 7 22400
1963 1 8 42000
1963 1 9 51000
1964 1 0 496900
1964 1 1 2971700
1964 1 2 1547500
1964 1 3 2243100
1964 1 4 148400
1964 1 5 149000
1964 1 6 95000
1964 1 7 256300
1964 1 8 26300
1964 1 9 57700
1965 1 0 157100
1965 1 1 3209300
1965 1 2 2217600
1965 1 3 1324600
1965 1 4 2039400
1965 1 5 145100
1965 1 6 151900
1965 1 7 117600
1965 1 8 413000
1965 1 9 78400
1966 1 0 374500
1966 1 1 1383100
1966 1 2 2569700
1966 1 3 741200
1966 1 4 450100
1966 1 5 889800
1966 1 6 45300
1966 1 7 64800
1966 1 8 95500
1966 1 9 236300
1967 1 0 645400
1967 1 1 1674300
1967 1 2 1171500
1967 1 3 1364700
1967 1 4 371500
1967 1 5 297800
1967 1 6 393100
1967 1 7 67900
1967 1 8 81600
1967 1 9 172800
1968 1 0 839300
1968 1 1 2425000
1968 1 2 1795200
1968 1 3 1494300
1968 1 4 621400
1968 1 5 157100
1968 1 6 145000
1968 1 7 163400
1968 1 8 13700
1968 1 9 91800
1969 1 0 112000
1969 1 1 2503300
1969 1 2 1883000
1969 1 3 296300
1969 1 4 133100
1969 1 5 190800
1969 1 6 49900
1969 1 7 42700
1969 1 8 27400
1969 1 9 25100
1970 1 0 898100
1970 1 1 1196200
1970 1 2 2002800
1970 1 3 883600
1970 1 4 125200
1970 1 5 50300
1970 1 6 61000
1970 1 7 7900
1970 1 8 12000
1970 1 9 12200
1971 1 0 684000
1971 1 1 4378500
1971 1 2 1146800
1971 1 3 662500
1971 1 4 208300
1971 1 5 26900
1971 1 6 30500
1971 1 7 26800
1971 1 8 100
1971 1 9 12400
1972 1 0 750400
1972 1 1 3340600
1972 1 2 1440500
1972 1 3 343800
1972 1 4 130600
1972 1 5 32900
1972 1 6 5000
1972 1 7 200
1972 1 8 1100
1972 1 9 400
1973 1 0 289400
1973 1 1 2368000
1973 1 2 1344200
1973 1 3 659200
1973 1 4 150200
1973 1 5 59300
1973 1 6 30600
1973 1 7 3700
1973 1 8 1400
1973 1 9 600
1973 5 2 12.79
1974 1 0 996100
1974 1 1 846100
1974 1 2 772600
1974 1 3 362000
1974 1 4 126000
1974 1 5 56100
1974 1 6 22300
1974 1 7 5000
1974 1 8 2000
1974 1 9 1100
1974 5 2 7.661
1975 1 0 263800
1975 1 1 2460500
1975 1 2 541700
1975 1 3 259600
1975 1 4 140500
1975 1 5 57200
1975 1 6 16100
1975 1 7 9100
1975 1 8 3400
1975 1 9 1400
1975 5 2 2.737
1976 1 0 238200
1976 1 1 126600
1976 1 2 901500
1976 1 3 117300
1976 1 4 52000
1976 1 5 34500
1976 1 6 6100
1976 1 7 4400
1976 1 8 1000
1976 1 9 400
1976 5 2 2.422
1977 1 0 256800
1977 1 1 144300
1977 1 2 44700
1977 1 3 186400
1977 1 4 10800
1977 1 5 7000
1977 1 6 4100
1977 1 7 1500
1977 1 8 700
1977 5 2 5.999
1978 1 0 130000
1978 1 1 168600
1978 1 2 4900
1978 1 3 5700
1978 1 4 5000
1978 1 5 300
1978 1 6 200
1978 1 7 200
1978 1 8 200
1978 1 9 300
1978 5 2 7.184
1979 1 0 542000
1979 1 1 159200
1979 1 2 34100
1979 1 3 10000
1979 1 4 10100
1979 1 5 2100
1979 1 6 200
1979 1 7 800
1979 1 8 600
1979 1 9 100
1979 5 2 13.844
1980 1 0 1262700
1980 1 1 245100
1980 1 2 134000
1980 1 3 91800
1980 1 4 32200
1980 1 5 21700
1980 1 6 2300
1980 1 7 1400
1980 1 8 400
1980 1 9 100
1980 5 2 9.332
1981 1 0 9519700
1981 1 1 872000
1981 1 2 284300
1981 1 3 56900
1981 1 4 39500
1981 1 5 28500
1981 1 6 22700
1981 1 7 18700
1981 1 8 5500
1981 1 9 1100
1981 5 2 13.704
1982 1 0 11956700
1982 1 1 1116400
1982 1 2 299400
1982 1 3 230100
1982 1 4 33700
1982 1 5 14400
1982 1 6 6800
1982 1 7 7800
1982 1 8 3600
1982 1 9 1100
1982 5 2 19.98
1983 1 0 13296900
1983 1 1 2448600
1983 1 2 573800
1983 1 3 216400
1983 1 4 105100
1983 1 5 26200
1983 1 6 22800
1983 1 7 12800
1983 1 8 11000
1983 1 9 12100
1983 5 2 25.669
1984 1 0 6973300
1984 1 1 1818400
1984 1 2 1146200
1984 1 3 441400
1984 1 4 201500
1984 1 5 81100
1984 1 6 22600
1984 1 7 25200
1984 1 8 11100
1984 1 9 18600
1984 3 1 1515.627
1984 3 2 161.48
1984 3 3 61.428
1984 3 4 26.888
1984 3 5 10.238
1984 5 2 46.198
1985 1 0 4211000
1985 1 1 3253000
1985 1 2 1326300
1985 1 3 1182400
1985 1 4 368500
1985 1 5 124500
1985 1 6 43600
1985 1 7 20200
1985 1 8 13100
1985 1 9 16100
1985 3 1 2097.28
1985 3 2 721.646
1985 3 3 281.99
1985 3 4 42.088
1985 3 5 27.941
1985 5 2 70.6
1986 1 0 3724700
1986 1 1 4801400
1986 1 2 1266700
1986 1 3 840800
1986 1 4 465900
1986 1 5 129800
1986 1 6 62100
1986 1 7 20500
1986 1 8 13600
1986 1 9 14800
1986 3 1 2662.812
1986 3 2 782.122
1986 3 3 276.031
1986 3 4 79.007
1986 3 5 28.076
1986 5 2 36.704
1987 1 0 8229200
1987 1 1 6836300
1987 1 2 2137200
1987 1 3 667900
1987 1 4 467100
1987 1 5 245800
1987 1 6 74700
1987 1 7 23800
1987 1 8 8000
1987 1 9 8200
1987 3 1 3692.965
1987 3 2 917.55
1987 3 3 116.315
1987 3 4 59.351
1987 3 5 48.763
1987 5 2 64.93
1988 1 0 3164800
1988 1 1 7867000
1988 1 2 2232500
1988 1 3 1090700
1988 1 4 383700
1988 1 5 255800
1988 1 6 128100
1988 1 7 38000
1988 1 8 15300
1988 1 9 8500
1988 3 1 4394.168
1988 3 2 4163.384
1988 3 3 791.528
1988 3 4 57.957
1988 3 5 25.054
1988 5 2 128.721
1989 1 0 3057800
1989 1 1 3145900
1989 1 2 1593700
1989 1 3 1363800
1989 1 4 809300
1989 1 5 211800
1989 1 6 123700
1989 1 7 61000
1989 1 8 19500
1989 1 9 8700
1989 2 2 4090000
1989 2 3 3903000
1989 2 4 1633000
1989 2 5 492000
1989 2 6 283000
1989 2 7 120000
1989 2 8 44000
1989 2 9 22000
1989 3 1 2331.566
1989 3 2 875.336
1989 3 3 338.514
1989 3 4 89.381
1989 3 5 8.519
1989 5 2 126.428
1990 1 0 1302800
1990 1 1 3020000
1990 1 2 899300
1990 1 3 779100
1990 1 4 861000
1990 1 5 387500
1990 1 6 80200
1990 1 7 54400
1990 1 8 28800
1990 1 9 11900
1990 2 2 3306000
1990 2 3 3521000
1990 2 4 3414000
1990 2 5 1366000
1990 2 6 392000
1990 2 7 210000
1990 2 8 133000
1990 2 9 43000
1990 3 1 1061.572
1990 3 2 462.097
1990 3 3 279.78
1990 3 4 269.108
1990 3 5 71.303
1990 5 2 163.659
1991 1 0 2386600
1991 1 1 2138900
1991 1 2 1132800
1991 1 3 556700
1991 1 4 548900
1991 1 5 501200
1991 1 6 205300
1991 1 7 39300
1991 1 8 25600
1991 1 9 13000
1991 2 2 2634000
1991 2 3 1700000
1991 2 4 1959000
1991 2 5 1849000
1991 2 6 644000
1991 2 7 228000
1991 2 8 94000
1991 2 9 51000
1991 3 1 1286.747
1991 3 2 693.02
1991 3 3 258.604
1991 3 4 221.523
1991 3 5 146.096
1991 5 2 87.107
1992 1 0 10331300
1992 1 1 2303100
1992 1 2 1284900
1992 1 3 442700
1992 1 4 361500
1992 1 5 360500
1992 1 6 375600
1992 1 7 152400
1992 1 8 39200
1992 1 9 23300
1992 2 2 3734000
1992 2 3 1378000
1992 2 4 1147000
1992 2 5 1134000
1992 2 6 1246000
1992 2 7 395000
1992 2 8 114000
1992 2 9 104000
1992 3 1 1268.145
1992 3 2 436.563
1992 3 3 193.085
1992 3 4 54.81
1992 3 5 92.268
1992 4 0 200.7
1992 5 2 40.277
1993 1 0 10265400
1993 1 1 3826800
1993 1 2 1176300
1993 1 3 609000
1993 1 4 305500
1993 1 5 215600
1993 1 6 226000
1993 1 7 188000
1993 1 8 87300
1993 1 9 41700
1993 2 2 2984000
1993 2 3 1637000
1993 2 4 902000
1993 2 5 741000
1993 2 6 777000
1993 2 7 551000
1993 2 8 180000
1993 2 9 116000
1993 3 1 2794.007
1993 3 2 787.421
1993 3 3 222.585
1993 3 4 45.042
1993 3 5 65.534
1993 4 0 190.1
1993 5 2 28.52
1994 1 0 4498900
1994 1 1 1785200
1994 1 2 1783200
1994 1 3 489100
1994 1 4 347600
1994 1 5 109000
1994 1 6 91800
1994 1 7 76400
1994 1 8 70000
1994 1 9 46600
1994 2 2 3185000
1994 2 3 839000
1994 2 4 399000
1994 2 5 381000
1994 2 6 321000
1994 2 7 326000
1994 2 8 219000
1994 2 9 131000
1994 3 1 1752.053
1994 3 2 1167.221
1994 3 3 213.059
1994 3 4 69.004
1994 3 5 42.503
1994 4 0 101.7
1994 5 2 19.823
1995 1 0 7438469
1995 1 1 1664874
1995 1 2 1444061
1995 1 3 816703
1995 1 4 231794
1995 1 5 118536
1995 1 6 55128
1995 1 7 41409
1995 1 8 68955
1995 1 9 29245
1995 2 2 3849000
1995 2 3 2041000
1995 2 4 672000
1995 2 5 299000
1995 2 6 203000
1995 2 7 138000
1995 2 8 119000
1995 2 9 93000
1995 3 1 1345.754
1995 3 2 1392.857
1995 3 3 278.544
1995 3 4 36.67
1995 3 5 6.551
1995 4 0 127
1995 5 2 20.849
1996 1 0 2311226
1996 1 1 1606393
1996 1 2 642084
1996 1 3 525601
1996 1 4 172099
1996 1 5 57586
1996 1 6 22534
1996 1 7 9264
1996 1 8 17195
1996 1 9 3948
1996 2 2 4497000
1996 2 3 2824000
1996 2 4 1087000
1996 2 5 311000
1996 2 6 99000
1996 2 7 83000
1996 2 8 133000
1996 2 9 206000
1996 3 1 1890.872
1996 3 2 197.522
1996 3 3 32.875
1996 3 4 10.193
1996 3 5 8.079
1996 4 0 106.5
1996 5 2 41.395
1997 1 0 431175
1997 1 1 479702
1997 1 2 687920
1997 1 3 446909
1997 1 4 284920
1997 1 5 109178
1997 1 6 31389
1997 1 7 11832
1997 1 8 18770
1997 1 9 5697
1997 2 1 9361000
1997 2 2 5960000
1997 2 3 2935000
1997 2 4 1441000
1997 2 5 601000
1997 2 6 215000
1997 2 7 46000
1997 2 8 78000
1997 2 9 159000
1997 3 1 4404.647
1997 3 2 506.536
1997 3 3 162.66
1997 3 4 30.532
1997 3 5 19.935
1997 4 0 148.1
1997 5 2 53.55
1998 1 0 259526
1998 1 1 977680
1998 1 2 1220105
1998 1 3 537932
1998 1 4 276333
1998 1 5 175817
1998 1 6 88927
1998 1 7 15232
1998 1 8 16766
1998 1 9 3784
1998 2 1 4449000
1998 2 2 5747000
1998 2 3 2520000
1998 2 4 1625000
1998 2 5 982000
1998 2 6 445000
1998 2 7 170000
1998 2 8 45000
1998 2 9 121000
1998 3 1 2275.845
1998 3 2 791.593
1998 3 3 95.66
1998 3 4 20.81
1998 3 5 17.841
1998 4 0 53.1
1998 5 2 68.327
1999 1 0 1566349
1999 1 1 303520
1999 1 2 616354
1999 1 3 1058716
1999 1 4 294066
1999 1 5 135648
1999 1 6 69299
1999 1 7 27998
1999 1 8 10174
1999 1 9 2054
1999 2 1 5087000
1999 2 2 3078000
1999 2 3 4725000
1999 2 4 1116000
1999 2 5 506000
1999 2 6 314000
1999 2 7 139000
1999 2 8 54000
1999 2 9 87000
1999 3 1 752.862
1999 3 2 450.623
1999 3 3 501.325
1999 3 4 98.179
1999 3 5 35.566
1999 4 0 244
1999 5 2 56.982
2000 1 0 1105085
2000 1 1 1171677
2000 1 2 622853
2000 1 3 463170
2000 1 4 646814
2000 1 5 213466
2000 1 6 82481
2000 1 7 35706
2000 1 8 14624
2000 1 9 2463
2000 2 1 24736000
2000 2 2 2923000
2000 2 3 2156000
2000 2 4 3140000
2000 2 5 1007000
2000 2 6 483000
2000 2 7 266000
2000 2 8 120000
2000 2 9 97000
2000 3 1 3725.131
2000 3 2 199.374
2000 3 3 154.691
2000 3 4 58.838
2000 3 5 8.952
2000 4 0 137.1
2000 5 2 38.038
2001 1 0 1832691
2001 1 1 614469
2001 1 2 842635
2001 1 3 485628
2001 1 4 278884
2001 1 5 321743
2001 1 6 90918
2001 1 7 38252
2001 1 8 17910
2001 1 9 2692
2001 2 1 6837000
2001 2 2 12290000
2001 2 3 3083000
2001 2 4 1462000
2001 2 5 1676000
2001 2 6 450000
2001 2 7 170000
2001 2 8 98000
2001 2 9 59000
2001 3 1 2499.391
2001 3 2 1129.308
2001 3 3 317.069
2001 3 4 93.886
2001 3 5 68.284
2001 4 0 214.8
2001 5 2 123.398
2002 1 0 730279
2002 1 1 837557
2002 1 2 579592
2002 1 3 970577
2002 1 4 292205
2002 1 5 140701
2002 1 6 174570
2002 1 7 48908
2002 1 8 34620
2002 1 9 8702
2002 2 1 23055000
2002 2 2 4875000
2002 2 3 8220000
2002 2 4 1390000
2002 2 5 794600
2002 2 6 1031000
2002 2 7 244400
2002 2 8 121000
2002 2 9 149500
2002 3 1 4064.829
2002 3 2 658.154
2002 3 3 338.153
2002 3 4 25.048
2002 3 5 19.936
2002 4 0 161.8
2002 5 2 104.674
2003 1 0 369074
2003 1 1 617021
2003 1 2 1221992
2003 1 3 529386
2003 1 4 835552
2003 1 5 244780
2003 1 6 107751
2003 1 7 123291
2003 1 8 37671
2003 1 9 9044
2003 2 1 9829400
2003 2 2 18949400
2003 2 3 3081000
2003 2 4 4188900
2003 2 5 675100
2003 2 6 494800
2003 2 7 568300
2003 2 8 145500
2003 2 9 177700
2003 3 1 2765.059
2003 3 2 1556.082
2003 3 3 611.89
2003 3 4 359.989
2003 3 5 53.166
2003 4 0 54.4
2003 5 2 253.943
2004 1 0 715597
2004 1 1 206648
2004 1 2 447918
2004 1 3 1366155
2004 1 4 543376
2004 1 5 753231
2004 1 6 169324
2004 1 7 104945
2004 1 8 65341
2004 1 9 31801
2004 2 1 5183700
2004 2 2 3415900
2004 2 3 9191800
2004 2 4 2167300
2004 2 5 2590700
2004 2 6 317100
2004 2 7 327600
2004 2 8 342050
2004 2 9 185600
2004 3 1 979.036
2004 3 2 451.015
2004 3 3 777.324
2004 3 4 112.374
2004 3 5 171.231
2004 4 0 47.3
2004 5 2 307.772
2005 1 0 1015554
2005 1 1 715547
2005 1 2 355453
2005 1 3 485746
2005 1 4 1318647
2005 1 5 479961
2005 1 6 576154
2005 1 7 115212
2005 1 8 88311
2005 1 9 58497
2005 2 1 3114100
2005 2 2 2055100
2005 2 3 3648500
2005 2 4 5789600
2005 2 5 1212900
2005 2 6 1174900
2005 2 7 139900
2005 2 8 126500
2005 2 9 106700
2005 3 1 1001.585
2005 3 2 214.191
2005 3 3 356.007
2005 3 4 388.922
2005 3 5 131.481
2005 4 0 61.3
2005 5 2 183.443
2006 1 0 878637
2006 1 1 222111
2006 1 2 401087
2006 1 3 310602
2006 1 4 464620
2006 1 5 997782
2006 1 6 252150
2006 1 7 247042
2006 1 8 63035
2006 1 9 43377
2006 2 1 6822800
2006 2 2 3772300
2006 2 3 1997200
2006 2 4 2097500
2006 2 5 4175100
2006 2 6 618200
2006 2 7 562100
2006 2 8 84300
2006 2 9 70400
2006 3 1 921.995
2006 3 2 1464.322
2006 3 3 330.037
2006 3 4 251.689
2006 3 5 338.811
2006 4 0 83.1
2006 5 2 113.057
2007 1 0 621005
2007 1 1 235553
2007 1 2 219115
2007 1 3 417452
2007 1 4 285746
2007 1 5 309454
2007 1 6 629187
2007 1 7 147830
2007 1 8 133388
2007 1 9 23362
2007 2 1 6261000
2007 2 2 2750000
2007 2 3 1848000
2007 2 4 898000
2007 2 5 806000
2007 2 6 1323000
2007 2 7 243000
2007 2 8 152000
2007 2 9 65000
2007 3 1 1321.005
2007 3 2 50.033
2007 3 3 18.25
2007 3 4 7.937
2007 3 5 41.284
2007 4 0 37.2
2007 5 2 163.456
2008 1 0 798284
2008 1 1 235022
2008 1 2 331772
2008 1 3 184771
2008 1 4 199069
2008 1 5 137529
2008 1 6 118349
2008 1 7 215542
2008 1 8 74339
2008 1 9 42919
2008 2 1 3714000
2008 2 2 2853000
2008 2 3 1709000
2008 2 4 1485000
2008 2 5 809000
2008 2 6 712000
2008 2 7 1749000
2008 2 8 185000
2008 2 9 270000
2008 3 1 1815.86
2008 3 2 232.906
2008 3 3 146.192
2008 3 4 202.1
2008 3 5 232.335
2008 4 0 27.8
2008 5 2 181.327
2009 1 0 650043
2009 1 1 175923
2009 1 2 259434
2009 1 3 106738
2009 1 4 93321
2009 1 5 86137
2009 1 6 37951
2009 1 7 53130
2009 1 8 110394
2009 1 9 32737
2009 2 1 4655000
2009 2 2 5632000
2009 2 3 2553000
2009 2 4 1023000
2009 2 5 1077000
2009 2 6 674000
2009 2 7 638000
2009 2 8 1142000
2009 2 9 578000
2009 3 1 2344.155
2009 3 2 136.269
2009 3 3 21.459
2009 3 4 11.223
2009 3 5 46.427
2009 4 0 95.8
2009 5 2 477.868
2010 3 1 1201.516
2010 3 2 49.555
2010 3 3 34.853
2010 3 4 45.944
2010 3 5 89.938
2010 4 0 77.1
# Proportion mature
0 0 1 1 1 1 1 1 1 1
0 0 1 1 1 1 1 1 1 1
0 0 1 1 1 1 1 1 1 1
0 0 1 1 1 1 1 1 1 1
0 0 1 1 1 1 1 1 1 1
0 0 1 1 1 1 1 1 1 1
0 0 1 1 1 1 1 1 1 1
0 0 1 1 1 1 1 1 1 1
0 0 1 1 1 1 1 1 1 1
0 0 1 1 1 1 1 1 1 1
0 0 1 1 1 1 1 1 1 1
0 0 1 1 1 1 1 1 1 1
0 0 0.82 1 1 1 1 1 1 1
0 0 0.82 1 1 1 1 1 1 1
0 0 0.82 1 1 1 1 1 1 1
0 0 0.82 1 1 1 1 1 1 1
0 0 0.82 1 1 1 1 1 1 1
0 0 0.82 1 1 1 1 1 1 1
0 0 0.82 1 1 1 1 1 1 1
0 0 0.82 1 1 1 1 1 1 1
0 0 0.82 1 1 1 1 1 1 1
0 0 0.82 1 1 1 1 1 1 1
0 0 0.82 1 1 1 1 1 1 1
0 0 0.82 1 1 1 1 1 1 1
0 0 0.82 1 1 1 1 1 1 1
0 0 0.7 1 1 1 1 1 1 1
0 0 0.75 1 1 1 1 1 1 1
0 0 0.8 1 1 1 1 1 1 1
0 0 0.85 0.93 1 1 1 1 1 1
0 0 0.82 0.94 1 1 1 1 1 1
0 0 0.91 0.97 1 1 1 1 1 1
0 0 0.86 0.99 1 1 1 1 1 1
0 0 0.5 0.99 1 1 1 1 1 1
0 0 0.47 0.61 1 1 1 1 1 1
0 0 0.73 0.93 1 1 1 1 1 1
0 0 0.67 0.95 1 1 1 1 1 1
0 0 0.61 0.98 1 1 1 1 1 1
0 0 0.64 0.94 1 1 1 1 1 1
0 0 0.64 0.89 1 1 1 1 1 1
0 0 0.69 0.91 1 1 1 1 1 1
0 0 0.67 0.96 1 1 1 1 1 1
0 0 0.77 0.92 1 1 1 1 1 1
0 0 0.87 0.97 1 1 1 1 1 1
0 0 0.43 0.93 1 1 1 1 1 1
0 0 0.7 0.65 1 1 1 1 1 1
0 0 0.76 0.96 0.96 1 1 1 1 1
0 0 0.66 0.88 0.98 1 1 1 1 1
0 0 0.71 0.92 0.93 1 1 1 1 1
0 0 0.86 0.98 0.99 1 1 1 1 1
0 0 0.89 1 1 1 1 1 1 1
0 0 0.89 1 1 1 1 1 1 1
# Stock mean weights
0.015 0.05 0.155 0.187 0.223 0.239 0.276 0.299 0.306 0.312
0.015 0.05 0.155 0.187 0.223 0.239 0.276 0.299 0.306 0.312
0.015 0.05 0.155 0.187 0.223 0.239 0.276 0.299 0.306 0.312
0.015 0.05 0.155 0.187 0.223 0.239 0.276 0.299 0.306 0.312
0.015 0.05 0.155 0.187 0.223 0.239 0.276 0.299 0.306 0.312
0.015 0.05 0.155 0.187 0.223 0.239 0.276 0.299 0.306 0.312
0.015 0.05 0.155 0.187 0.223 0.239 0.276 0.299 0.306 0.312
0.015 0.05 0.155 0.187 0.223 0.239 0.276 0.299 0.306 0.312
0.015 0.05 0.155 0.187 0.223 0.239 0.276 0.299 0.306 0.312
0.015 0.05 0.155 0.187 0.223 0.239 0.276 0.299 0.306 0.312
0.015 0.05 0.155 0.187 0.223 0.239 0.276 0.299 0.306 0.312
0.015 0.05 0.155 0.187 0.223 0.239 0.276 0.299 0.306 0.312
0.015 0.05 0.155 0.187 0.223 0.239 0.276 0.299 0.306 0.312
0.015 0.05 0.155 0.187 0.223 0.239 0.276 0.299 0.306 0.312
0.015 0.05 0.155 0.187 0.223 0.239 0.276 0.299 0.306 0.312
0.015 0.05 0.155 0.187 0.223 0.239 0.276 0.299 0.306 0.312
0.015 0.05 0.155 0.187 0.223 0.239 0.276 0.299 0.306 0.312
0.015 0.05 0.155 0.187 0.223 0.239 0.276 0.299 0.306 0.312
0.015 0.05 0.155 0.187 0.223 0.239 0.276 0.299 0.306 0.312
0.015 0.05 0.155 0.187 0.223 0.239 0.276 0.299 0.306 0.312
0.015 0.05 0.155 0.187 0.223 0.239 0.276 0.299 0.306 0.312
0.015 0.05 0.155 0.187 0.223 0.239 0.276 0.299 0.306 0.312
0.015 0.05 0.155 0.187 0.223 0.239 0.276 0.299 0.306 0.312
0.017 0.057 0.15 0.19 0.23 0.243 0.282 0.311 0.338 0.347
0.016 0.056 0.138 0.187 0.232 0.247 0.275 0.321 0.341 0.365
0.014 0.061 0.13 0.183 0.232 0.252 0.273 0.315 0.331 0.392
0.009 0.05 0.122 0.17 0.212 0.23 0.242 0.275 0.268 0.343
0.008 0.048 0.123 0.166 0.208 0.229 0.248 0.259 0.263 0.325
0.009 0.044 0.122 0.165 0.205 0.228 0.252 0.261 0.277 0.315
0.012 0.052 0.126 0.174 0.212 0.244 0.271 0.284 0.298 0.331
0.011 0.059 0.139 0.184 0.212 0.239 0.265 0.28 0.3 0.328
0.01 0.064 0.137 0.194 0.214 0.234 0.253 0.272 0.291 0.312
0.006 0.061 0.134 0.184 0.213 0.234 0.262 0.273 0.302 0.32
0.007 0.06 0.126 0.192 0.214 0.24 0.275 0.291 0.309 0.337
0.006 0.057 0.129 0.186 0.211 0.224 0.268 0.293 0.318 0.345
0.006 0.054 0.13 0.199 0.227 0.234 0.274 0.301 0.323 0.343
0.005 0.049 0.123 0.183 0.23 0.237 0.257 0.28 0.303 0.334
0.006 0.047 0.116 0.187 0.241 0.264 0.284 0.287 0.301 0.342
0.006 0.051 0.116 0.179 0.226 0.256 0.273 0.276 0.27 0.318
0.006 0.051 0.116 0.184 0.221 0.248 0.279 0.286 0.281 0.303
0.006 0.051 0.122 0.172 0.21 0.233 0.255 0.275 0.274 0.28
0.006 0.047 0.128 0.172 0.205 0.228 0.248 0.27 0.289 0.275
0.007 0.047 0.123 0.173 0.202 0.222 0.242 0.266 0.285 0.283
0.007 0.042 0.119 0.165 0.203 0.223 0.248 0.268 0.283 0.275
0.006 0.041 0.118 0.164 0.198 0.225 0.248 0.265 0.281 0.291
0.007 0.041 0.126 0.155 0.191 0.216 0.242 0.252 0.266 0.277
0.006 0.051 0.128 0.161 0.18 0.207 0.224 0.238 0.255 0.264
0.008 0.055 0.125 0.156 0.18 0.196 0.212 0.23 0.245 0.249
0.008 0.058 0.13 0.164 0.181 0.195 0.218 0.226 0.253 0.26
0.007 0.061 0.137 0.181 0.197 0.21 0.223 0.234 0.255 0.259
0.007 0.061 0.137 0.181 0.197 0.21 0.223 0.234 0.255 0.259
# Catch mean weights
0.015 0.05 0.155 0.187 0.223 0.239 0.276 0.299 0.306 0.312
0.015 0.05 0.155 0.187 0.223 0.239 0.276 0.299 0.306 0.312
0.015 0.05 0.155 0.187 0.223 0.239 0.276 0.299 0.306 0.312
0.015 0.05 0.155 0.187 0.223 0.239 0.276 0.299 0.306 0.312
0.015 0.05 0.155 0.187 0.223 0.239 0.276 0.299 0.306 0.312
0.015 0.05 0.155 0.187 0.223 0.239 0.276 0.299 0.306 0.312
0.015 0.05 0.155 0.187 0.223 0.239 0.276 0.299 0.306 0.312
0.015 0.05 0.155 0.187 0.223 0.239 0.276 0.299 0.306 0.312
0.015 0.05 0.155 0.187 0.223 0.239 0.276 0.299 0.306 0.312
0.015 0.05 0.155 0.187 0.223 0.239 0.276 0.299 0.306 0.312
0.015 0.05 0.155 0.187 0.223 0.239 0.276 0.299 0.306 0.312
0.015 0.05 0.155 0.187 0.223 0.239 0.276 0.299 0.306 0.312
0.015 0.05 0.155 0.187 0.223 0.239 0.276 0.299 0.306 0.312
0.015 0.05 0.155 0.187 0.223 0.239 0.276 0.299 0.306 0.312
0.015 0.05 0.155 0.187 0.223 0.239 0.276 0.299 0.306 0.312
0.015 0.05 0.155 0.187 0.223 0.239 0.276 0.299 0.306 0.312
0.015 0.05 0.155 0.187 0.223 0.239 0.276 0.299 0.306 0.312
0.015 0.05 0.155 0.187 0.223 0.239 0.276 0.299 0.306 0.312
0.015 0.05 0.155 0.187 0.223 0.239 0.276 0.299 0.306 0.312
0.015 0.05 0.155 0.187 0.223 0.239 0.276 0.299 0.306 0.312
0.015 0.05 0.155 0.187 0.223 0.239 0.276 0.299 0.306 0.312
0.015 0.05 0.155 0.187 0.223 0.239 0.276 0.299 0.306 0.312
0.015 0.05 0.155 0.187 0.223 0.239 0.276 0.299 0.306 0.312
0.017 0.057 0.15 0.19 0.23 0.243 0.282 0.311 0.338 0.347
0.016 0.056 0.138 0.187 0.232 0.247 0.275 0.321 0.341 0.365
0.014 0.061 0.13 0.183 0.232 0.252 0.273 0.315 0.331 0.392
0.009 0.05 0.122 0.17 0.212 0.23 0.242 0.275 0.268 0.343
0.008 0.048 0.123 0.166 0.208 0.229 0.248 0.259 0.263 0.325
0.009 0.044 0.122 0.165 0.205 0.228 0.252 0.261 0.277 0.315
0.012 0.052 0.126 0.174 0.212 0.244 0.271 0.284 0.298 0.331
0.011 0.059 0.139 0.184 0.212 0.239 0.265 0.28 0.3 0.328
0.01 0.064 0.137 0.194 0.214 0.234 0.253 0.272 0.291 0.312
0.006 0.061 0.134 0.184 0.213 0.234 0.262 0.273 0.302 0.32
0.007 0.06 0.126 0.192 0.214 0.24 0.275 0.291 0.309 0.337
0.006 0.057 0.129 0.186 0.211 0.224 0.268 0.293 0.318 0.345
0.006 0.054 0.13 0.199 0.227 0.234 0.274 0.301 0.323 0.343
0.005 0.049 0.123 0.183 0.23 0.237 0.257 0.28 0.303 0.334
0.006 0.047 0.116 0.187 0.241 0.264 0.284 0.287 0.301 0.342
0.006 0.051 0.116 0.179 0.226 0.256 0.273 0.276 0.27 0.318
0.006 0.051 0.116 0.184 0.221 0.248 0.279 0.286 0.281 0.303
0.006 0.051 0.122 0.172 0.21 0.233 0.255 0.275 0.274 0.28
0.006 0.047 0.128 0.172 0.205 0.228 0.248 0.27 0.289 0.275
0.007 0.047 0.123 0.173 0.202 0.222 0.242 0.266 0.285 0.283
0.007 0.042 0.119 0.165 0.203 0.223 0.248 0.268 0.283 0.275
0.006 0.041 0.118 0.164 0.198 0.225 0.248 0.265 0.281 0.291
0.007 0.041 0.126 0.155 0.191 0.216 0.242 0.252 0.266 0.277
0.006 0.051 0.128 0.161 0.18 0.207 0.224 0.238 0.255 0.264
0.008 0.055 0.125 0.156 0.18 0.196 0.212 0.23 0.245 0.249
0.008 0.058 0.13 0.164 0.181 0.195 0.218 0.226 0.253 0.26
0.007 0.061 0.137 0.181 0.197 0.21 0.223 0.234 0.255 0.259
0.007 0.061 0.137 0.181 0.197 0.21 0.223 0.234 0.255 0.259
# Natural Mortality
1 1 0.3 0.2 0.1 0.1 0.1 0.1 0.1 0.1
1 1 0.3 0.2 0.1 0.1 0.1 0.1 0.1 0.1
1 1 0.3 0.2 0.1 0.1 0.1 0.1 0.1 0.1
1 1 0.3 0.2 0.1 0.1 0.1 0.1 0.1 0.1
1 1 0.3 0.2 0.1 0.1 0.1 0.1 0.1 0.1
1 1 0.3 0.2 0.1 0.1 0.1 0.1 0.1 0.1
1 1 0.3 0.2 0.1 0.1 0.1 0.1 0.1 0.1
1 1 0.3 0.2 0.1 0.1 0.1 0.1 0.1 0.1
1 1 0.3 0.2 0.1 0.1 0.1 0.1 0.1 0.1
1 1 0.3 0.2 0.1 0.1 0.1 0.1 0.1 0.1
1 1 0.3 0.2 0.1 0.1 0.1 0.1 0.1 0.1
1 1 0.3 0.2 0.1 0.1 0.1 0.1 0.1 0.1
1 1 0.3 0.2 0.1 0.1 0.1 0.1 0.1 0.1
1 1 0.3 0.2 0.1 0.1 0.1 0.1 0.1 0.1
1 1 0.3 0.2 0.1 0.1 0.1 0.1 0.1 0.1
1 1 0.3 0.2 0.1 0.1 0.1 0.1 0.1 0.1
1 1 0.3 0.2 0.1 0.1 0.1 0.1 0.1 0.1
1 1 0.3 0.2 0.1 0.1 0.1 0.1 0.1 0.1
1 1 0.3 0.2 0.1 0.1 0.1 0.1 0.1 0.1
1 1 0.3 0.2 0.1 0.1 0.1 0.1 0.1 0.1
1 1 0.3 0.2 0.1 0.1 0.1 0.1 0.1 0.1
1 1 0.3 0.2 0.1 0.1 0.1 0.1 0.1 0.1
1 1 0.3 0.2 0.1 0.1 0.1 0.1 0.1 0.1
1 1 0.3 0.2 0.1 0.1 0.1 0.1 0.1 0.1
1 1 0.3 0.2 0.1 0.1 0.1 0.1 0.1 0.1
1 1 0.3 0.2 0.1 0.1 0.1 0.1 0.1 0.1
1 1 0.3 0.2 0.1 0.1 0.1 0.1 0.1 0.1
1 1 0.3 0.2 0.1 0.1 0.1 0.1 0.1 0.1
1 1 0.3 0.2 0.1 0.1 0.1 0.1 0.1 0.1
1 1 0.3 0.2 0.1 0.1 0.1 0.1 0.1 0.1
1 1 0.3 0.2 0.1 0.1 0.1 0.1 0.1 0.1
1 1 0.3 0.2 0.1 0.1 0.1 0.1 0.1 0.1
1 1 0.3 0.2 0.1 0.1 0.1 0.1 0.1 0.1
1 1 0.3 0.2 0.1 0.1 0.1 0.1 0.1 0.1
1 1 0.3 0.2 0.1 0.1 0.1 0.1 0.1 0.1
1 1 0.3 0.2 0.1 0.1 0.1 0.1 0.1 0.1
1 1 0.3 0.2 0.1 0.1 0.1 0.1 0.1 0.1
1 1 0.3 0.2 0.1 0.1 0.1 0.1 0.1 0.1
1 1 0.3 0.2 0.1 0.1 0.1 0.1 0.1 0.1
1 1 0.3 0.2 0.1 0.1 0.1 0.1 0.1 0.1
1 1 0.3 0.2 0.1 0.1 0.1 0.1 0.1 0.1
1 1 0.3 0.2 0.1 0.1 0.1 0.1 0.1 0.1
1 1 0.3 0.2 0.1 0.1 0.1 0.1 0.1 0.1
1 1 0.3 0.2 0.1 0.1 0.1 0.1 0.1 0.1
1 1 0.3 0.2 0.1 0.1 0.1 0.1 0.1 0.1
1 1 0.3 0.2 0.1 0.1 0.1 0.1 0.1 0.1
1 1 0.3 0.2 0.1 0.1 0.1 0.1 0.1 0.1
1 1 0.3 0.2 0.1 0.1 0.1 0.1 0.1 0.1
1 1 0.3 0.2 0.1 0.1 0.1 0.1 0.1 0.1
1 1 0.3 0.2 0.1 0.1 0.1 0.1 0.1 0.1
1 1 0.3 0.2 0.1 0.1 0.1 0.1 0.1 0.1
# Landing Fraction L/(L+D)
1 1 1 1 1 1 1 1 1 1
1 1 1 1 1 1 1 1 1 1
1 1 1 1 1 1 1 1 1 1
1 1 1 1 1 1 1 1 1 1
1 1 1 1 1 1 1 1 1 1
1 1 1 1 1 1 1 1 1 1
1 1 1 1 1 1 1 1 1 1
1 1 1 1 1 1 1 1 1 1
1 1 1 1 1 1 1 1 1 1
1 1 1 1 1 1 1 1 1 1
1 1 1 1 1 1 1 1 1 1
1 1 1 1 1 1 1 1 1 1
1 1 1 1 1 1 1 1 1 1
1 1 1 1 1 1 1 1 1 1
1 1 1 1 1 1 1 1 1 1
1 1 1 1 1 1 1 1 1 1
1 1 1 1 1 1 1 1 1 1
1 1 1 1 1 1 1 1 1 1
1 1 1 1 1 1 1 1 1 1
1 1 1 1 1 1 1 1 1 1
1 1 1 1 1 1 1 1 1 1
1 1 1 1 1 1 1 1 1 1
1 1 1 1 1 1 1 1 1 1
1 1 1 1 1 1 1 1 1 1
1 1 1 1 1 1 1 1 1 1
1 1 1 1 1 1 1 1 1 1
1 1 1 1 1 1 1 1 1 1
1 1 1 1 1 1 1 1 1 1
1 1 1 1 1 1 1 1 1 1
1 1 1 1 1 1 1 1 1 1
1 1 1 1 1 1 1 1 1 1
1 1 1 1 1 1 1 1 1 1
1 1 1 1 1 1 1 1 1 1
1 1 1 1 1 1 1 1 1 1
1 1 1 1 1 1 1 1 1 1
1 1 1 1 1 1 1 1 1 1
1 1 1 1 1 1 1 1 1 1
1 1 1 1 1 1 1 1 1 1
1 1 1 1 1 1 1 1 1 1
1 1 1 1 1 1 1 1 1 1
1 1 1 1 1 1 1 1 1 1
1 1 1 1 1 1 1 1 1 1
1 1 1 1 1 1 1 1 1 1
1 1 1 1 1 1 1 1 1 1
1 1 1 1 1 1 1 1 1 1
1 1 1 1 1 1 1 1 1 1
1 1 1 1 1 1 1 1 1 1
1 1 1 1 1 1 1 1 1 1
1 1 1 1 1 1 1 1 1 1
1 1 1 1 1 1 1 1 1 1
1 1 1 1 1 1 1 1 1 1
# Fprop
0.67 0.67 0.67 0.67 0.67 0.67 0.67 0.67 0.67 0.67
0.67 0.67 0.67 0.67 0.67 0.67 0.67 0.67 0.67 0.67
0.67 0.67 0.67 0.67 0.67 0.67 0.67 0.67 0.67 0.67
0.67 0.67 0.67 0.67 0.67 0.67 0.67 0.67 0.67 0.67
0.67 0.67 0.67 0.67 0.67 0.67 0.67 0.67 0.67 0.67
0.67 0.67 0.67 0.67 0.67 0.67 0.67 0.67 0.67 0.67
0.67 0.67 0.67 0.67 0.67 0.67 0.67 0.67 0.67 0.67
0.67 0.67 0.67 0.67 0.67 0.67 0.67 0.67 0.67 0.67
0.67 0.67 0.67 0.67 0.67 0.67 0.67 0.67 0.67 0.67
0.67 0.67 0.67 0.67 0.67 0.67 0.67 0.67 0.67 0.67
0.67 0.67 0.67 0.67 0.67 0.67 0.67 0.67 0.67 0.67
0.67 0.67 0.67 0.67 0.67 0.67 0.67 0.67 0.67 0.67
0.67 0.67 0.67 0.67 0.67 0.67 0.67 0.67 0.67 0.67
0.67 0.67 0.67 0.67 0.67 0.67 0.67 0.67 0.67 0.67
0.67 0.67 0.67 0.67 0.67 0.67 0.67 0.67 0.67 0.67
0.67 0.67 0.67 0.67 0.67 0.67 0.67 0.67 0.67 0.67
0.67 0.67 0.67 0.67 0.67 0.67 0.67 0.67 0.67 0.67
0.67 0.67 0.67 0.67 0.67 0.67 0.67 0.67 0.67 0.67
0.67 0.67 0.67 0.67 0.67 0.67 0.67 0.67 0.67 0.67
0.67 0.67 0.67 0.67 0.67 0.67 0.67 0.67 0.67 0.67
0.67 0.67 0.67 0.67 0.67 0.67 0.67 0.67 0.67 0.67
0.67 0.67 0.67 0.67 0.67 0.67 0.67 0.67 0.67 0.67
0.67 0.67 0.67 0.67 0.67 0.67 0.67 0.67 0.67 0.67
0.67 0.67 0.67 0.67 0.67 0.67 0.67 0.67 0.67 0.67
0.67 0.67 0.67 0.67 0.67 0.67 0.67 0.67 0.67 0.67
0.67 0.67 0.67 0.67 0.67 0.67 0.67 0.67 0.67 0.67
0.67 0.67 0.67 0.67 0.67 0.67 0.67 0.67 0.67 0.67
0.67 0.67 0.67 0.67 0.67 0.67 0.67 0.67 0.67 0.67
0.67 0.67 0.67 0.67 0.67 0.67 0.67 0.67 0.67 0.67
0.67 0.67 0.67 0.67 0.67 0.67 0.67 0.67 0.67 0.67
0.67 0.67 0.67 0.67 0.67 0.67 0.67 0.67 0.67 0.67
0.67 0.67 0.67 0.67 0.67 0.67 0.67 0.67 0.67 0.67
0.67 0.67 0.67 0.67 0.67 0.67 0.67 0.67 0.67 0.67
0.67 0.67 0.67 0.67 0.67 0.67 0.67 0.67 0.67 0.67
0.67 0.67 0.67 0.67 0.67 0.67 0.67 0.67 0.67 0.67
0.67 0.67 0.67 0.67 0.67 0.67 0.67 0.67 0.67 0.67
0.67 0.67 0.67 0.67 0.67 0.67 0.67 0.67 0.67 0.67
0.67 0.67 0.67 0.67 0.67 0.67 0.67 0.67 0.67 0.67
0.67 0.67 0.67 0.67 0.67 0.67 0.67 0.67 0.67 0.67
0.67 0.67 0.67 0.67 0.67 0.67 0.67 0.67 0.67 0.67
0.67 0.67 0.67 0.67 0.67 0.67 0.67 0.67 0.67 0.67
0.67 0.67 0.67 0.67 0.67 0.67 0.67 0.67 0.67 0.67
0.67 0.67 0.67 0.67 0.67 0.67 0.67 0.67 0.67 0.67
0.67 0.67 0.67 0.67 0.67 0.67 0.67 0.67 0.67 0.67
0.67 0.67 0.67 0.67 0.67 0.67 0.67 0.67 0.67 0.67
0.67 0.67 0.67 0.67 0.67 0.67 0.67 0.67 0.67 0.67
0.67 0.67 0.67 0.67 0.67 0.67 0.67 0.67 0.67 0.67
0.67 0.67 0.67 0.67 0.67 0.67 0.67 0.67 0.67 0.67
0.67 0.67 0.67 0.67 0.67 0.67 0.67 0.67 0.67 0.67
0.67 0.67 0.67 0.67 0.67 0.67 0.67 0.67 0.67 0.67
0.67 0.67 0.67 0.67 0.67 0.67 0.67 0.67 0.67 0.67
# Mprop
0.67 0.67 0.67 0.67 0.67 0.67 0.67 0.67 0.67 0.67
0.67 0.67 0.67 0.67 0.67 0.67 0.67 0.67 0.67 0.67
0.67 0.67 0.67 0.67 0.67 0.67 0.67 0.67 0.67 0.67
0.67 0.67 0.67 0.67 0.67 0.67 0.67 0.67 0.67 0.67
0.67 0.67 0.67 0.67 0.67 0.67 0.67 0.67 0.67 0.67
0.67 0.67 0.67 0.67 0.67 0.67 0.67 0.67 0.67 0.67
0.67 0.67 0.67 0.67 0.67 0.67 0.67 0.67 0.67 0.67
0.67 0.67 0.67 0.67 0.67 0.67 0.67 0.67 0.67 0.67
0.67 0.67 0.67 0.67 0.67 0.67 0.67 0.67 0.67 0.67
0.67 0.67 0.67 0.67 0.67 0.67 0.67 0.67 0.67 0.67
0.67 0.67 0.67 0.67 0.67 0.67 0.67 0.67 0.67 0.67
0.67 0.67 0.67 0.67 0.67 0.67 0.67 0.67 0.67 0.67
0.67 0.67 0.67 0.67 0.67 0.67 0.67 0.67 0.67 0.67
0.67 0.67 0.67 0.67 0.67 0.67 0.67 0.67 0.67 0.67
0.67 0.67 0.67 0.67 0.67 0.67 0.67 0.67 0.67 0.67
0.67 0.67 0.67 0.67 0.67 0.67 0.67 0.67 0.67 0.67
0.67 0.67 0.67 0.67 0.67 0.67 0.67 0.67 0.67 0.67
0.67 0.67 0.67 0.67 0.67 0.67 0.67 0.67 0.67 0.67
0.67 0.67 0.67 0.67 0.67 0.67 0.67 0.67 0.67 0.67
0.67 0.67 0.67 0.67 0.67 0.67 0.67 0.67 0.67 0.67
0.67 0.67 0.67 0.67 0.67 0.67 0.67 0.67 0.67 0.67
0.67 0.67 0.67 0.67 0.67 0.67 0.67 0.67 0.67 0.67
0.67 0.67 0.67 0.67 0.67 0.67 0.67 0.67 0.67 0.67
0.67 0.67 0.67 0.67 0.67 0.67 0.67 0.67 0.67 0.67
0.67 0.67 0.67 0.67 0.67 0.67 0.67 0.67 0.67 0.67
0.67 0.67 0.67 0.67 0.67 0.67 0.67 0.67 0.67 0.67
0.67 0.67 0.67 0.67 0.67 0.67 0.67 0.67 0.67 0.67
0.67 0.67 0.67 0.67 0.67 0.67 0.67 0.67 0.67 0.67
0.67 0.67 0.67 0.67 0.67 0.67 0.67 0.67 0.67 0.67
0.67 0.67 0.67 0.67 0.67 0.67 0.67 0.67 0.67 0.67
0.67 0.67 0.67 0.67 0.67 0.67 0.67 0.67 0.67 0.67
0.67 0.67 0.67 0.67 0.67 0.67 0.67 0.67 0.67 0.67
0.67 0.67 0.67 0.67 0.67 0.67 0.67 0.67 0.67 0.67
0.67 0.67 0.67 0.67 0.67 0.67 0.67 0.67 0.67 0.67
0.67 0.67 0.67 0.67 0.67 0.67 0.67 0.67 0.67 0.67
0.67 0.67 0.67 0.67 0.67 0.67 0.67 0.67 0.67 0.67
0.67 0.67 0.67 0.67 0.67 0.67 0.67 0.67 0.67 0.67
0.67 0.67 0.67 0.67 0.67 0.67 0.67 0.67 0.67 0.67
0.67 0.67 0.67 0.67 0.67 0.67 0.67 0.67 0.67 0.67
0.67 0.67 0.67 0.67 0.67 0.67 0.67 0.67 0.67 0.67
0.67 0.67 0.67 0.67 0.67 0.67 0.67 0.67 0.67 0.67
0.67 0.67 0.67 0.67 0.67 0.67 0.67 0.67 0.67 0.67
0.67 0.67 0.67 0.67 0.67 0.67 0.67 0.67 0.67 0.67
0.67 0.67 0.67 0.67 0.67 0.67 0.67 0.67 0.67 0.67
0.67 0.67 0.67 0.67 0.67 0.67 0.67 0.67 0.67 0.67
0.67 0.67 0.67 0.67 0.67 0.67 0.67 0.67 0.67 0.67
0.67 0.67 0.67 0.67 0.67 0.67 0.67 0.67 0.67 0.67
0.67 0.67 0.67 0.67 0.67 0.67 0.67 0.67 0.67 0.67
0.67 0.67 0.67 0.67 0.67 0.67 0.67 0.67 0.67 0.67
0.67 0.67 0.67 0.67 0.67 0.67 0.67 0.67 0.67 0.67
0.67 0.67 0.67 0.67 0.67 0.67 0.67 0.67 0.67 0.67
