# Number of parameters = 127 Objective function value = 233.656892575283  Maximum gradient component = 0.00659057633995126
# log_rec:
 2.06647515878860 2.35693216308569 1.60275773012462 2.25847659743250 2.69984912996026 2.04438085532774 1.58826792770655 0.397066970933555 -0.233756837469727 0.0484188900627345 -0.721620787477329 -1.09785554101062 0.226631222164212 -0.516172775261589 -0.106445822348856 -0.200351553981879 0.100075834074357 0.555800848514917 0.483400995121837 0.921254960511380 0.727787187097602 -0.600243316048571 -0.0532291289261995 -0.311011441560217 0.501304453145160 0.157470748732072 0.100521808839346 -0.0736549160477669 0.224877633835149 0.487951168029182 1.08918489043434 0.0374842794609656 0.318470307593119 -0.0249431006467216 0.779284581016260 0.501340798485433 0.627500259990997 0.336785827005189 -0.331234631899767 0.314797994658754
# log_rec_older:
 0.709367156636496 -1.85304102155250 -4.97074699304816
# F_y_ini:
 1.80024001153251 1.88215604297295 1.62169065085944 1.11386576844878 0.753534880460395 2.37644839475857 1.16368665778643 1.10379949637312 1.82141358619405 1.09919640096782 1.43825971666357 1.14950553061000 0.412012781467874 1.44634593949964 0.323463755334817 1.67751239224072 0.775966706668494 0.891750102818260 1.78492914830865 0.768116809348551 1.69954769861844 1.51377368436793 1.12097164204148 1.85842936025829 0.983895716777045 1.58655105198627 1.68741559032325 1.77746918888631 1.37131168954889 2.06357656091868 1.42187097153570 1.81075357754892 1.78050994850543 1.34961372380810 1.13416974071210 1.07747569414174 0.947739527850547 1.42696145612750 1.94140355713950
# F_y_spline:

# F_q_ini[1]:
 0.0216778282610072 0.193403599077769 0.433096184023619
# F_q_ini[2]:
 0.486918846112127 0.548267744034947 0.230296299756609
# F_q_ini[3]:
 0.222237163947094 0.505994991927224 0.137934725403796
# F_q_ini[4]:
 0.203326277495011 0.472569716532275 0.334238430497098
# log_F_a_ini:
 -3.29161841202683
 -0.902354293142887
 0.401303925193029
# qq_ini:
 0.000169297504793686 1.35922898834562 2.78551944236694 4.67460617911797
 0.698821049970211 0.919034265580044 0.922640705260270
 1.02100735379962 2.29008610051973 5.04328161385059
# qq_power_ini:
 1.45726328114258
# qq_s2_ini:
 0.265533964807684 0.186677498847500
 0.205165604698520 0.102328304129138
 0.0900002212628722 0.101184158142030
# SSB_R_alfa:
 7.22312779411038
# catch_s2_ini[1]:
 1.99999995688830 0.792539091400915 1.22761374043980
 1.99999983604491 0.427149134681433 1.17671009930351
 1.10504250677817 1.89395296890073 1.99999986671276
 0.0100000100510708 0.0100000100503639 0.0100000050311459
