North Sea Herring natural mortality - m (units : NA )
1	5	
1947	2014	
0	8	
1 
0.9143836 0.7434865 0.3878253 0.3359468 0.3223842 0.308652 0.2924862 0.2794214 0.2794214
0.9143832 0.7434871 0.3878256 0.3359469 0.3223841 0.3086518 0.2924859 0.2794211 0.2794211
0.9143823 0.7434879 0.387826 0.335947 0.3223837 0.3086514 0.2924854 0.2794206 0.2794206
0.9143824 0.7434875 0.3878258 0.3359468 0.3223837 0.3086515 0.2924855 0.2794207 0.2794207
0.9143842 0.7434856 0.3878247 0.3359466 0.3223844 0.3086523 0.2924865 0.2794218 0.2794218
0.9143859 0.7434845 0.3878242 0.3359467 0.3223851 0.308653 0.2924875 0.2794227 0.2794227
0.9143812 0.74349 0.3878272 0.3359474 0.3223833 0.3086509 0.2924847 0.2794198 0.2794198
0.914378 0.7434922 0.3878283 0.3359473 0.322382 0.3086495 0.2924829 0.279418 0.279418
0.9143829 0.7434854 0.3878245 0.3359462 0.3223838 0.3086516 0.2924859 0.2794211 0.2794211
0.9143932 0.7434757 0.3878194 0.3359455 0.322388 0.3086563 0.2924919 0.2794272 0.2794272
0.9143941 0.7434791 0.3878216 0.335947 0.3223885 0.3086567 0.292492 0.2794273 0.2794273
0.9143577 0.7435177 0.3878424 0.3359509 0.3223741 0.3086405 0.2924706 0.2794054 0.2794054
0.9143621 0.7435029 0.3878335 0.3359467 0.3223754 0.3086423 0.292474 0.2794091 0.2794091
0.9144073 0.7434517 0.3878057 0.3359408 0.3223933 0.3086624 0.2925009 0.2794366 0.2794366
0.914445 0.743427 0.3877936 0.3359423 0.3224087 0.3086794 0.2925219 0.2794577 0.2794577
0.9143982 0.7434959 0.3878327 0.3359544 0.322391 0.3086589 0.2924928 0.2794275 0.2794275
0.9141759 0.743711 0.3879465 0.3359703 0.322302 0.3085595 0.2923636 0.2792961 0.2792961
0.9143838 0.7434289 0.387789 0.3359259 0.3223821 0.3086511 0.2924907 0.2794276 0.2794276
0.9146336 0.7431959 0.3876666 0.3359113 0.3224825 0.3087631 0.2926353 0.2795743 0.2795743
0.9146336 0.7433033 0.3877331 0.3359494 0.3224861 0.3087645 0.2926269 0.2795629 0.2795629
0.914164 0.7438404 0.3880281 0.336015 0.3223022 0.3085562 0.2923474 0.2792764 0.2792764
0.9130646 0.7447866 0.3885158 0.3360502 0.3218574 0.3080624 0.2917176 0.2786394 0.2786394
0.9154233 0.7420182 0.3870016 0.3357035 0.3227822 0.3091095 0.2931262 0.2800849 0.2800849
0.9158826 0.7420308 0.3870547 0.3358382 0.3229848 0.3093232 0.2933585 0.2803081 0.2803081
0.9146334 0.7438405 0.3880653 0.3361402 0.3225038 0.3087713 0.2925849 0.2795058 0.2795058
0.9118163 0.7465259 0.3895031 0.3363426 0.3213827 0.3075146 0.2909499 0.2778436 0.2778436
0.9075675 0.7495176 0.3909543 0.3362264 0.3196334 0.3055933 0.2885687 0.2754546 0.2754546
0.9272166 0.7281762 0.3794306 0.3339703 0.3274061 0.314345 0.3001692 0.2873125 0.2873125
0.918179 0.7420939 0.3873201 0.3365113 0.323998 0.3103916 0.2945196 0.2814242 0.2814242
0.9083874 0.7528891 0.3931184 0.3376506 0.3200991 0.3060123 0.288717 0.275494 0.275494
0.8977312 0.7599529 0.3966919 0.3373545 0.3157768 0.301231 0.2827752 0.2695329 0.2695329
0.8863234 0.7644761 0.3982106 0.3356455 0.310887 0.2959864 0.2766624 0.2635092 0.2635092
0.8736865 0.7658712 0.3974805 0.3325001 0.3054536 0.290296 0.2704009 0.2574271 0.2574271
0.8599577 0.764154 0.3945308 0.327912 0.2994778 0.2841535 0.2639802 0.2512866 0.2512866
0.8461233 0.761337 0.3899041 0.3219752 0.2928034 0.2774895 0.2573409 0.2450627 0.2450627
0.8321944 0.7525372 0.3830947 0.3146151 0.2858004 0.2704777 0.2505208 0.2389115 0.2389115
0.8179618 0.7421812 0.3744375 0.3058352 0.278134 0.2629362 0.2434759 0.2326728 0.2326728
0.8018668 0.7388154 0.3613632 0.2932317 0.2679689 0.2534718 0.2355992 0.2256835 0.2256835
0.7842386 0.7370936 0.3446259 0.2777303 0.2562027 0.2427105 0.2271661 0.218251 0.218251
0.7685649 0.732154 0.3310144 0.2645358 0.2457213 0.2330776 0.2193173 0.2113318 0.2113318
0.751917 0.7249588 0.3176048 0.2505824 0.2339574 0.2223499 0.2104565 0.203789 0.203789
0.7366225 0.7164872 0.3055673 0.2377693 0.2228592 0.2123286 0.202081 0.1966777 0.1966777
0.7280822 0.7031807 0.3014494 0.231077 0.2156888 0.2062823 0.1960781 0.1913433 0.1913433
0.7231433 0.6872905 0.3011102 0.2267073 0.2097078 0.2016372 0.1908029 0.1866157 0.1866157
0.7203484 0.6726949 0.3014467 0.2241438 0.2055737 0.1980911 0.186739 0.1829673 0.1829673
0.7188302 0.6504182 0.3051991 0.2265368 0.2056364 0.1973525 0.1848779 0.1810948 0.1810948
0.7191797 0.6290486 0.309544 0.2300114 0.2068435 0.1973948 0.1837989 0.1798905 0.1798905
0.7196639 0.615136 0.3091218 0.2315015 0.2072762 0.1965502 0.182794 0.1789288 0.1789288
0.7208744 0.6014437 0.3079429 0.2341858 0.2089366 0.1965533 0.1827362 0.1788169 0.1788169
0.7270282 0.5975163 0.3086141 0.2363766 0.2102609 0.1966025 0.1828621 0.1788701 0.1788701
0.7420015 0.6089164 0.3079304 0.235153 0.2099885 0.1958281 0.1827393 0.1788991 0.1788991
0.7600455 0.6262199 0.3092363 0.2347161 0.2102067 0.1954512 0.1831553 0.1793935 0.1793935
0.7840053 0.6555697 0.3190454 0.2376308 0.2111329 0.1950988 0.1836283 0.1797385 0.1797385
0.8143266 0.69659 0.3323706 0.241111 0.2120024 0.1944517 0.1840833 0.1800312 0.1800312
0.8371899 0.7265681 0.344392 0.2461274 0.2147993 0.1959254 0.1861964 0.181674 0.181674
0.8539988 0.7541569 0.3617665 0.2558095 0.2206118 0.2005994 0.190586 0.1847375 0.1847375
0.8676022 0.776399 0.378008 0.2659403 0.227319 0.2063826 0.1959218 0.1886619 0.1886619
0.8715391 0.7745604 0.3848831 0.2736984 0.2345617 0.2128819 0.2022047 0.1940723 0.1940723
0.8708702 0.7632808 0.3898764 0.2820026 0.2430007 0.2206711 0.2096719 0.200656 0.200656
0.8712258 0.7524913 0.3920285 0.2894143 0.2513372 0.2288598 0.2174311 0.2074626 0.2074626
0.87268 0.7414865 0.3911001 0.2960056 0.2596516 0.2374804 0.2255408 0.2145414 0.2145414
0.8723854 0.7270314 0.3876995 0.302223 0.2683801 0.2468343 0.2342586 0.2221894 0.2221894
0.8704301 0.7106846 0.3818895 0.3078087 0.2773238 0.2567882 0.2434165 0.2302461 0.2302461
0.8666086 0.690799 0.3735608 0.3129836 0.2866682 0.2674633 0.2531707 0.238867 0.238867
0.8617286 0.6687016 0.3627674 0.3175896 0.2962242 0.2787542 0.2634134 0.2479466 0.2479466
0.8566819 0.6460519 0.3497745 0.3215683 0.3058386 0.2905745 0.2740477 0.25738 0.25738
0.8508744 0.6218172 0.3345595 0.3250633 0.3156689 0.3030135 0.2851652 0.2672542 0.2672542
0.8612647 0.6676109 0.3605104 0.3170027 0.2963447 0.2793187 0.2638427 0.2483388 0.2483388
