WBSS Herring total catch - catch (units : tonnes )
1	24	
1991	2008	
0	8	
1 
191573.1 194408.2 185009.6 172438.9 150819.6 121260.3 115584.9 107032.9 97234.4
109912.7 105805.5 106195.1 78310.2 76813.13 88403.76 90548.3 68178.86 68481.15
191573.1 194408.2 185009.6 172438.9 150819.6 121260.3 115584.9 107032.9 97234.4
109912.7 105805.5 106195.1 78310.2 76813.13 88403.76 90548.3 68178.86 68481.15
191573.1 194408.2 185009.6 172438.9 150819.6 121260.3 115584.9 107032.9 97234.4
109912.7 105805.5 106195.1 78310.2 76813.13 88403.76 90548.3 68178.86 68481.15
191573.1 194408.2 185009.6 172438.9 150819.6 121260.3 115584.9 107032.9 97234.4
109912.7 105805.5 106195.1 78310.2 76813.13 88403.76 90548.3 68178.86 68481.15
191573.1 194408.2 185009.6 172438.9 150819.6 121260.3 115584.9 107032.9 97234.4
109912.7 105805.5 106195.1 78310.2 76813.13 88403.76 90548.3 68178.86 68481.15
191573.1 194408.2 185009.6 172438.9 150819.6 121260.3 115584.9 107032.9 97234.4
109912.7 105805.5 106195.1 78310.2 76813.13 88403.76 90548.3 68178.86 68481.15
191573.1 194408.2 185009.6 172438.9 150819.6 121260.3 115584.9 107032.9 97234.4
109912.7 105805.5 106195.1 78310.2 76813.13 88403.76 90548.3 68178.86 68481.15
191573.1 194408.2 185009.6 172438.9 150819.6 121260.3 115584.9 107032.9 97234.4
109912.7 105805.5 106195.1 78310.2 76813.13 88403.76 90548.3 68178.86 68481.15
191573.1 194408.2 185009.6 172438.9 150819.6 121260.3 115584.9 107032.9 97234.4
109912.7 105805.5 106195.1 78310.2 76813.13 88403.76 90548.3 68178.86 68481.15
