Option 1. "Zero Catch"
======================

           Stock Numbers      Fishing Mortality
age    2009    2010    2011   2009 2010 2011
  0 2225068 2225068 2225068 0.0160    0    0
  1  649225 1622150 1648371 0.1477    0    0
  2  459723  339709  983884 0.1953    0    0
  3  423677  309620  278130 0.2428    0    0
  4  308239  272101  253496 0.2906    0    0
  5  203543  188717  222777 0.3030    0    0
  6  172266  123091  154509 0.3163    0    0
  7   75561  102799  100779 0.2906    0    0
  8   73889   91499  159078 0.2906    0    0

      
Year      SSB  F.bar Yield
  2009 137679 0.2882 44915
  2010 127291 0.0000     0
  2011 151853 0.0000     0


Option 2. "Catch(2010): -15% TAC (54 215 t)"
============================================

           Stock Numbers      Fishing Mortality
age    2009    2010    2011   2009   2010   2011
  0 2225068 2225068 2225068 0.0160 0.0197 0.0197
  1  649225 1622150 1616169 0.1477 0.1817 0.1817
  2  459723  339709  820404 0.1953 0.2403 0.2403
  3  423677  309620  218728 0.2428 0.2987 0.2987
  4  308239  272101  188033 0.2906 0.3576 0.3576
  5  203543  188717  155804 0.3030 0.3727 0.3727
  6  172266  123091  106433 0.3163 0.3891 0.3891
  7   75561  102799   68293 0.2906 0.3576 0.3576
  8   73889   91499  111255 0.2906 0.3576 0.3576

      
Year      SSB  F.bar Yield
  2009 137679 0.2882 44915
  2010 122878 0.3545 54216
  2011 105959 0.3545 53737


Option 3. "Fbar(2010): 0.25"
============================

           Stock Numbers      Fishing Mortality
age    2009    2010    2011   2009   2010   2011
  0 2225068 2225068 2225068 0.0160 0.0139 0.0139
  1  649225 1622150 1625598 0.1477 0.1281 0.1281
  2  459723  339709  865560 0.1953 0.1694 0.1694
  3  423677  309620  234786 0.2428 0.2106 0.2106
  4  308239  272101  205347 0.2906 0.2521 0.2521
  5  203543  188717  173129 0.3030 0.2628 0.2628
  6  172266  123091  118797 0.3163 0.2744 0.2744
  7   75561  102799   76596 0.2906 0.2521 0.2521
  8   73889   91499  123625 0.2906 0.2521 0.2521

      
Year      SSB  F.bar Yield
  2009 137679 0.2882 44915
  2010 124163 0.2500 39844
  2011 117768 0.2500 42281


Option 4. "Catch(2010): TAC (63 783 t)"
=======================================

           Stock Numbers      Fishing Mortality
age    2009    2010    2011   2009   2010   2011
  0 2225068 2225068 2225068 0.0160 0.0239 0.0239
  1  649225 1622150 1609448 0.1477 0.2201 0.2201
  2  459723  339709  789512 0.1953 0.2910 0.2910
  3  423677  309620  207905 0.2428 0.3618 0.3618
  4  308239  272101  176535 0.2906 0.4331 0.4331
  5  203543  188717  144470 0.3030 0.4515 0.4515
  6  172266  123091   98374 0.3163 0.4713 0.4713
  7   75561  102799   62904 0.2906 0.4331 0.4331
  8   73889   91499  103161 0.2906 0.4331 0.4331

      
Year      SSB  F.bar Yield
  2009 137679 0.2882 44915
  2010 121966 0.4294 63783
  2011  98259 0.4294 60287


Option 5. "Constant Catch (44 915 t)"
=====================================

           Stock Numbers      Fishing Mortality
age    2009    2010    2011   2009   2010   2011
  0 2225068 2225068 2225068 0.0160 0.0159 0.0153
  1  649225 1622150 1622356 0.1477 0.1465 0.1408
  2  459723  339709  849790 0.1953 0.1937 0.1861
  3  423677  309620  229146 0.2428 0.2409 0.2314
  4  308239  272101  199233 0.2906 0.2883 0.2770
  5  203543  188717  166976 0.3030 0.3005 0.2888
  6  172266  123091  114400 0.3163 0.3138 0.3015
  7   75561  102799   73638 0.2906 0.2883 0.2770
  8   73889   91499  119232 0.2906 0.2883 0.2770

      
Year      SSB  F.bar Yield
  2009 137679 0.2882 44915
  2010 123720 0.2859 44915
  2011 113694 0.2747 44915


