WBSS Herring stock numbers at age - stock.n (units : NA )
1	13	
1991	2008	
0	8	
1 
5003979 4549372 2171998 1801225 933199.7 627393.8 239518.5 43084.92 16051.5
3652584 3605104 2129499 1291944 968392.4 512980.7 354322.5 154275.1 66133.8
3109372 2581634 1837128 1202461 730181 493505.1 255854.5 164950.2 63312.36
6182874 2127100 1161808 1058709 612447 364024.3 215855.7 117524.4 78552.18
4050991 4354977 1099199 623806.8 524004.4 262766.5 147892.3 71334.64 44389.42
4472243 2538818 1394465 507888.6 307557.1 254500.1 139685.9 67321.03 55056.13
3991042 3166531 1055070 782093.9 237112.4 123111.3 92413.64 56088.47 63817.79
5585578 2634467 1411769 603998.9 392195.9 126605.7 62154.71 39981.83 36637.9
6439794 3667888 1124560 769229.2 330429.7 189745.4 63050.6 29616.91 19011.32
3444329 4283602 1754449 620661 408966 189479.5 105162.8 37709.71 29257.40
4448602 2420957 1887276 990765.5 340692.8 219452.7 90909.43 51825.78 18930.41
3057143 2650607 1070384 1106052 579554 181976.9 118332.6 39484.63 23758.67
4039490 2136119 1107396 623198 617148.2 319882.4 97715.35 62328.75 31496.52
2655128 2946679 1198149 668614.6 365373.4 335317.4 168946.6 53872.15 39882.63
2226088 1928203 1487878 769802.9 404972.9 208547 188485.8 93409.84 41054.79
1813432 1612172 949184.3 924364.5 447183.3 219874.5 111272.4 98693.24 57638.1
1259682 1314150 798252.8 594255.6 542139 245592.7 118727.3 58995.2 53461.29
894442.8 914809.5 663593.8 512907.9 359965.6 309472.8 138065.4 65651.18 65020.63
