1 809884.08 459921.05 282973.66 93277.78 25071.09 10425.58 9067.47
1 4957939.84 319854.26 208522.66 124033.62 47751.81 16800.97 14341.52
1 1922076.54 843229.79 259002.29 117051.53 64343.46 16212.52 17898.3
1 1999688.9 350409.34 219541.09 94930.58 40080.02 23914.25 13957.78
1 2466216.13 2155070.02 441986.34 346174.96 76558.24 29840.56 29282.78
1 969707.28 519726.6 562659.64 146139.66 105775.75 17584.16 22748.83
1 2331889.15 428579.82 282623.22 414634.55 89656 46513.66 26412.28
1 1185202.68 424610.76 113574.82 82591.14 92568.88 28884.07 31629.99
1 1129176.02 318627.85 195043.26 77621.43 43062.54 48443.52 31908.23
1 2441139.35 145702.19 91700.49 97855.7 46634.83 27808.31 66594.38
1 596626.09 165957.86 112271.03 57854.52 32560.49 17079.33 46665.59
1 3134366.57 223066.73 92334.31 59685.53 24396.34 10890.14 30861.76
1 1460236.23 558082.08 171985.74 79258.39 33666.16 13925.71 42926.33
1 892696.55 344193.71 174117.22 96775.32 46286.29 19640.8 37051.15
1 857355.84 225043.98 88563.03 63242.19 34625.79 19499.81 34794.56
1 1991893.86 281449.38 136655.85 117465.23 77729.69 35465.25 62991.02
1 8018296.28 481310.32 191344.62 84301.72 72043.55 40290.15 50695.51
1 590372.88 783067.98 344187.42 122489.08 61761.81 40574.18 74700.9
1 1894054.22 184282.82 351831.22 206248.07 61778.08 38223.84 75548.85
1 920449.78 310928.26 73741.87 193570.02 117620.29 35496.92 67083.96
