Landings(tonnes)        3/16/2011   16:21
   1       1
  1947    2012
   0       9
   5
  581760  #1947
  502100  #1948
  508500  #1949
  491700  #1950
  600400  #1951
  664400  #1952
  698500  #1953
  762900  #1954
  806400  #1955
  675200  #1956
  682900  #1957
  670500  #1958
  784500  #1959   
  696200
  696700
  627800
  716000
  871200
 1168800
  895500
  695500
  717800
  546700
  563100
  520100
  497500
  484000
  275100
  312800
  174800
   46000
   11000
   25100
   70764
  174879
  275079
  387202
  428631
  613780
  671488
  792058
  887686
  787899
  645229
  658008
  716799
  671397
  568234
  579371
  275098
  264313
  391628
  363163
  388157
  374065
  394709
  482281
  587698
  663813
  514597
  406482
  257870
  168443
  187611
  226478
  424608
