Herring in Sub-area IV, Divisions VIId & IIIa (autumn-spawners) (16/Mar/2020)
     104
HERAS
    1989      2019
		1         1      0.54    0.56
		1         9
		1        -1   4090000 3903000 1633000  492000  283000  120000   44000   22000  #1989
		1        -1   3306000 3521000 3414000 1366000  392000  210000  133000   43000  #1990
		1        -1   2634000 1700000 1959000 1849000  644000  228000   94000   51000  #1991
		1        -1   3734000 1378000 1147000 1134000 1246000  395000  114000  104000  #1992
		1        -1   2984000 1637000  902000  741000  777000  551000  180000  116000  #1993
		1        -1   3185000  839000  399000  381000  321000  326000  219000  131000  #1994
		1        -1   3849000 2041000  672000  299000  203000  138000  119000   93000  #1995
		1        -1   4497000 2824000 1087000  311000   99000   83000  133000  206000  #1996
		1   9361000   5960000 2935000 1441000  601000  215000   46000   78000  159000  #1997
		1   4449000   5747000 2520000 1625000  982000  445000  170000   45000  121000  #1998
		1   5087000   3078000 4725000 1116000  506000  314000  139000   54000   87000  #1999
		1  24736000   2923000 2156000 3140000 1007000  483000  266000  120000   97000  #2000
		1   6837000  12290000 3083000 1462000 1676000  450000  170000   98000   59000  #2001
		1  23055000   4875000 8220000 1390000  794600 1031000  244400  121000  149500  #2002
		1   9829400  18949400 3081000 4188900  675100  494800  568300  145500  177700  #2003
		1   5183700   3415900 9191800 2167300 2590700  317100  327600  342050  185600  #2004
		1   3114100   2055100 3648500 5789600 1212900 1174900  139900  126500  106700  #2005
		1   6822800   3772300 1997200 2097500 4175100  618200  562100   84300   70400  #2006
		1   6261000   2750000 1848000  898000  806000 1323000  243000  152000   65000  #2007
		1   3714000   2853000 1709000 1485000  809000  712000 1749000  185000  270000  #2008
		1   4655000   5632000 2553000 1023000 1077000  674000  638000 1142000  578000  #2009
		1  14577000   4237000 4216000 2453000 1246000 1332000  688000 1110000 1619000  #2010
		1  10119000   4166000 2534000 2173000 1016000  651000  688000  440000 1297000  #2011
		1   7437000   4719000 4067000 1738000 1209000  593000  247000  218000  478000  #2012
		1   6388000   2683000 3031000 2895000 1546000  849000  464000  250000  592000  #2013
		1  11634000   4918000 2827000 2939000 1791000 1236000  669000  211000  250000  #2014
		1   6714000   9495000 2831000 1591000 1549000  926000  520000  275000  221000  #2015
		1   9034000  12011000 5832000 1273000  822000  909000  395000  220000  146000  #2016
		1   3054000   1761000 6095000 3142000  787000  365000  298000  153000  140000  #2017
		1   9938000   4254000 1692000 5150000 2440000  719000  529000  293000  111000  #2018
		1  10146000   1303000 2345000 1212000 3506000 1657000  395000  252000  172000  #2019
IBTS-Q1
    1984      2020
		1         1      0.1008259  0.1008259 
		1         6
		1 957324.04 101304.88 30967.64 12555.32 2999.34 2721.62
		1 1473182.86 249339.17 60577.24 18180.05 7067.81 2790.98
		1 1662158.65 81727.41 30038.05 14162.33 6407.73 4350.54
		1 3221178 260973.61 36207.29 13298.68 7583.8 2582.88
		1 1464181.96 1142931.16 128186.3 19161.81 7884.71 2160.94
		1 1677569.12 314112.59 120896.13 29479.25 4123.27 2090.22
		1 768368.17 245190.02 98539.06 47127.86 14101.73 3235.34
		1 1085665.91 161319.58 61243.13 43852.57 23381.51 8716.25
		1 1147215.63 82952.16 18002.32 8921.01 7184.31 4925.93
		1 1838663.39 298871.54 55758.12 16244.85 8146.93 6041.23
		1 2812005.27 144183.98 29494.97 11261.23 8875.11 3856.47
		1 2266363.41 141290.83 24772.49 7509.75 1880.07 1211.42
		1 1277319.76 211924.66 33951.82 8157.98 2761.45 1482.16
		1 1350215.15 170475.52 42915.83 12939.12 4776.26 2082.31
		1 1804583.1 242829.02 31498.14 8716.84 6872.22 2669.77
		1 698806.55 151233.98 82529.43 15790.32 5217.59 3137.9
		1 2096595.65 91639.41 28296.97 9579.33 2835.03 1549.97
		1 1605574.73 436009.04 46876.67 26400.54 13083.85 3465.22
		1 1820054.74 128065.09 66079.22 9188.56 5311.77 3633.34
		1 1426762.35 942761.39 107162.42 49221.44 7440.01 7590.26
		1 771457.83 153337.02 98620.46 17175.12 13463.41 4797.08
		1 925583.44 61815.89 33645.57 25606.1 6993.63 6385.37
		1 717821.16 81625.97 14923.05 15661.01 13286.1 11413.34
		1 883302.7 47592.7 10114.65 3362.82 4197.4 5762.16
		1 774710.14 63262.65 15626 6017.04 4468.74 7401.69
		1 732798.47 44743.53 15188.92 5626.54 2444.45 9473.59
		1 916572.84 46237.68 8223.15 6221.31 3206.16 6803.82
		1 1613672.6 105164.71 17699.67 7450.18 7890.69 6462.39
		1 824527.57 105838.38 54899.92 11255.15 6740.62 9359.63
		1 505955.08 74840.34 25321.67 12971.24 3264.04 4513.51
		1 1645682.27 115694.07 17505.4 8675.78 6905.22 4480.31
		1 1943845.82 125142.48 18133.44 7484.15 3959 3861.6
		1 558363 423212.9 67130.76 14881.93 5348.02 4512.12
		1 1361550.71 98902.92 57751.31 21014.7 7092.84 5289.73
		1 689636.3 108160.35 23033.56 28790.02 11871.97 4657.14
		1 970111.93 70842.17 26725.46 4260.35 7461.44 5730.04
		1 1145081.14 170596.26 19692.7 5475.67 2043.56 5236.28
IBTS0
    1992      2019
		1         1      0.08    0.17
		0         0
		1    164.089880     #1992
		1    195.757075     #1993
		1    155.136772     #1994
		1    170.469140     #1995
		1    106.264018     #1996
		1    134.679761     #1997
		1    51.7166562     #1998
		1    255.422249     #1999
		1    109.823655     #2000
		1    341.301758     #2001
		1    150.703848     #2002
		1    70.837483      #2003
		1    43.881709      #2004
		1    82.060447      #2005
		1    64.417434      #2006
		1    50.915322      #2007
		1    39.533711      #2008
		1    99.184107      #2009
		1    74.101155      #2010
		1    77.634659      #2011
		1    65.079675      #2012
		1    61.176555      #2013
		1    113.796271     #2014
		1    21.760083      #2015
		1    81.690311      #2016
		1    27.832018      #2017
		1    102.112883     #2018
		1    51.625872      #2019
IBTS-Q3
    1998       2019
		1          1        0.6084662 0.6084662 
		0          6 
		1 707529.29 415995.22 281888.09 90723.61 24717.72 10726.45 9581.06
		1 4233846.75 290830.27 205967.99 122047.54 49316.26 17602.24 14910.53
		1 1620038.45 763292.82 256000.32 115690.52 66902.87 17044.41 18585.48
		1 1714578.46 317776.68 219364.82 93775.23 41645.09 25305.84 14453.52
		1 2055109.72 1940710.52 438205.77 341437.92 79278.42 31226.51 30123.17
		1 833224.14 467668.41 557140.92 145835.21 109662.86 18512.78 23403.94
		1 1970515.25 384254.1 281709.01 411046.51 93091.92 48867.94 27533.79
		1 1005504.45 382307.62 112453.04 81907.19 96320.65 30631.4 32828.89
		1 962447.25 288008.48 192018.99 77885.34 45055.96 51266.22 33408.86
		1 2086570.65 132097.51 92766.3 97733.8 48852.73 29610.43 70170.79
		1 524669.09 150256.12 112671.15 58448.44 34431.66 18428.13 49120.56
		1 2654058.23 199023.94 93460.99 61031.71 25875.5 11714.79 32894.99
		1 1236261.22 503511.61 172333.79 79991.16 35528.12 14991.3 45007.63
		1 765326.25 312408.38 173233.15 97020.29 48163.41 20709.64 38759.4
		1 730383.6 204328.24 89601.62 64651.12 36532.75 21092.99 37031.21
		1 1692837.79 256455.03 139602.35 119332.48 81910.09 38385.03 66704.09
		1 6751020.89 433998.02 191263.38 85553.69 75575.16 42936.54 53274.69
		1 486178.94 714517.44 348475.49 123410.84 64702.78 43663.74 79291.59
		1 1581744.08 169323.28 359009.05 206745.55 64513.46 40839.27 79795.62
		1 796376.86 275389.01 76519.79 193058.61 123311.33 39288.74 70731.2
		1 1761034.92 324256.82 113537.58 47077.15 83658.56 37960.22 42721.57
		1 1400298.87 136400.79 70812.24 39172.62 24716.52 34846.04 38475.34