Proportion mature at spawning time   (13/Mar/2018 17:31)
       1       6
  1947    2018
       0   9
       1
       0       0       1           1        1       1       1       1       1     NA   #1947
       0       0       1           1        1       1       1       1       1     NA   #1948
       0       0       1           1        1       1       1       1       1     NA   #1949
       0       0       1           1        1       1       1       1       1     NA   #1950
       0       0       1           1        1       1       1       1       1     NA   #1951
       0       0       1           1        1       1       1       1       1     NA   #1952
       0       0       1           1        1       1       1       1       1     NA   #1953
       0       0       1           1        1       1       1       1       1     NA   #1954
       0       0       1           1        1       1       1       1       1     NA   #1955
       0       0       1           1        1       1       1       1       1     NA   #1956
       0       0       1           1        1       1       1       1       1     NA   #1957
       0       0       1           1        1       1       1       1       1     NA   #1958
       0       0       1           1        1       1       1       1       1     NA   #1959
       0       0       1           1        1       1       1       1       1       1  #1960
       0       0       1           1        1       1       1       1       1       1  #1961
       0       0       1           1        1       1       1       1       1       1  #1962
       0       0       1           1        1       1       1       1       1       1  #1963
       0       0       1           1        1       1       1       1       1       1  #1964
       0       0       1           1        1       1       1       1       1       1  #1965
       0       0       1           1        1       1       1       1       1       1  #1966
       0       0       1           1        1       1       1       1       1       1  #1967
       0       0       1           1        1       1       1       1       1       1  #1968
       0       0       1           1        1       1       1       1       1       1  #1969
       0       0       1           1        1       1       1       1       1       1  #1970
       0       0       1           1        1       1       1       1       1       1  #1971
       0       0    0.82           1        1       1       1       1       1       1  #1972
       0       0    0.82           1        1       1       1       1       1       1  #1973
       0       0    0.82           1        1       1       1       1       1       1  #1974  
       0       0    0.82           1        1       1       1       1       1       1  #1975
       0       0    0.82           1        1       1       1       1       1       1  #1976
       0       0    0.82           1        1       1       1       1       1       1  #1977
       0       0    0.82           1        1       1       1       1       1       1  #1978
       0       0    0.82           1        1       1       1       1       1       1  #1979
       0       0    0.82           1        1       1       1       1       1       1  #1980
       0       0    0.82           1        1       1       1       1       1       1  #1981
       0       0    0.82           1        1       1       1       1       1       1  #1982
       0    0.00    0.82           1        1       1       1       1       1       1  #1983
       0    0.00    0.82           1        1       1       1       1       1       1  #1984
       0    0.00    0.70           1        1       1       1       1       1       1  #1985
       0    0.00    0.75           1        1       1       1       1       1       1  #1986
       0       0     0.8           1        1       1       1       1       1       1  #1987
       0       0    0.85        0.93        1       1       1       1       1       1  #1988
       0    0.00    0.82        0.94        1       1       1       1       1       1  #1989
       0    0.00    0.91        0.97        1       1       1       1       1       1  #1990
       0       0    0.86        0.99        1       1       1       1       1       1  #1991
       0       0     0.5        0.99        1       1       1       1       1       1  #1992
       0       0    0.47        0.61        1       1       1       1       1       1  #1993
       0       0    0.73        0.93        1       1       1       1       1       1  #1994
       0       0    0.67        0.95        1       1       1       1       1       1  #1995
       0       0    0.61        0.98        1       1       1       1       1       1  #1996
       0       0    0.64        0.94        1       1       1       1       1       1  #1997
       0       0    0.64        0.89        1       1       1       1       1       1  #1998
       0       0    0.69        0.91        1       1       1       1       1       1  #1999
       0       0    0.67        0.96        1       1       1       1       1       1  #2000
       0       0    0.77        0.92        1       1       1       1       1       1  #2001
       0       0    0.87        0.97        1       1       1       1       1       1  #2002
       0       0    0.43        0.93        1       1       1       1       1       1  #2003
       0       0     0.7        0.65        1       1       1       1       1       1  #2004
       0       0    0.76        0.96     0.96       1       1       1       1       1  #2005
       0       0    0.66        0.88     0.98       1       1       1       1       1  #2006
       0       0    0.71        0.92     0.93       1       1       1       1       1  #2007
       0       0    0.86        0.98     0.99       1       1       1       1       1  #2008
       0       0    0.89           1        1       1       1       1       1       1  #2009
       0       0    0.45         0.9        1       1       1       1       1       1  #2010
       0       0    0.87        0.84        1       1       1       1       1       1  #2011
       0       0    0.91        0.99        1       1       1       1       1       1  #2012
       0       0    0.83        0.96     0.98       1       1       1       1       1  #2013
       0       0    0.85           1        1       1       1       1       1       1  #2014
       0       0    0.7         0.9     0.96        1       1       1       1       1  #2015
       0       0    0.71        0.89    0.95        1       1       1       1       1  #2016
       0       0    0.55        0.96    0.97        1       1       1       1       1  #2017
       0       0    0.37        0.91    0.98        1       1       1       1       1  #2018
