Natural Mortality                3/23/2016   14:39
       1       5
  1947    2015
       0   9
       1
       1       1     0.3     0.2       0.1     0.1     0.1     0.1     0.1     NA   #1947
       1       1     0.3     0.2       0.1     0.1     0.1     0.1     0.1     NA   #1948
       1       1     0.3     0.2       0.1     0.1     0.1     0.1     0.1     NA   #1949
       1       1     0.3     0.2       0.1     0.1     0.1     0.1     0.1     NA   #1950
       1       1     0.3     0.2       0.1     0.1     0.1     0.1     0.1     NA   #1951
       1       1     0.3     0.2       0.1     0.1     0.1     0.1     0.1     NA   #1952
       1       1     0.3     0.2       0.1     0.1     0.1     0.1     0.1     NA   #1953
       1       1     0.3     0.2       0.1     0.1     0.1     0.1     0.1     NA   #1954
       1       1     0.3     0.2       0.1     0.1     0.1     0.1     0.1     NA   #1955
       1       1     0.3     0.2       0.1     0.1     0.1     0.1     0.1     NA   #1956
       1       1     0.3     0.2       0.1     0.1     0.1     0.1     0.1     NA   #1957
       1       1     0.3     0.2       0.1     0.1     0.1     0.1     0.1     NA   #1958
       1       1     0.3     0.2       0.1     0.1     0.1     0.1     0.1     NA   #1959
       1       1     0.3     0.2       0.1     0.1     0.1     0.1     0.1     0.1
       1       1     0.3     0.2       0.1     0.1     0.1     0.1     0.1     0.1
       1       1     0.3     0.2       0.1     0.1     0.1     0.1     0.1     0.1
       1       1     0.3     0.2       0.1     0.1     0.1     0.1     0.1     0.1
       1       1     0.3     0.2       0.1     0.1     0.1     0.1     0.1     0.1
       1       1     0.3     0.2       0.1     0.1     0.1     0.1     0.1     0.1
       1       1     0.3     0.2       0.1     0.1     0.1     0.1     0.1     0.1
       1       1     0.3     0.2       0.1     0.1     0.1     0.1     0.1     0.1
       1       1     0.3     0.2       0.1     0.1     0.1     0.1     0.1     0.1
       1       1     0.3     0.2       0.1     0.1     0.1     0.1     0.1     0.1
       1       1     0.3     0.2       0.1     0.1     0.1     0.1     0.1     0.1
       1       1     0.3     0.2       0.1     0.1     0.1     0.1     0.1     0.1
       1       1     0.3     0.2       0.1     0.1     0.1     0.1     0.1     0.1
       1       1     0.3     0.2       0.1     0.1     0.1     0.1     0.1     0.1
       1       1     0.3     0.2       0.1     0.1     0.1     0.1     0.1     0.1
       1       1     0.3     0.2       0.1     0.1     0.1     0.1     0.1     0.1
       1       1     0.3     0.2       0.1     0.1     0.1     0.1     0.1     0.1
       1       1     0.3     0.2       0.1     0.1     0.1     0.1     0.1     0.1
       1       1     0.3     0.2       0.1     0.1     0.1     0.1     0.1     0.1
       1       1     0.3     0.2       0.1     0.1     0.1     0.1     0.1     0.1
       1       1     0.3     0.2       0.1     0.1     0.1     0.1     0.1     0.1
       1       1     0.3     0.2       0.1     0.1     0.1     0.1     0.1     0.1
       1       1     0.3     0.2       0.1     0.1     0.1     0.1     0.1     0.1
       1       1     0.3     0.2       0.1     0.1     0.1     0.1     0.1     0.1
       1       1     0.3     0.2       0.1     0.1     0.1     0.1     0.1     0.1
       1       1     0.3     0.2       0.1     0.1     0.1     0.1     0.1     0.1
       1       1     0.3     0.2       0.1     0.1     0.1     0.1     0.1     0.1
       1       1     0.3     0.2       0.1     0.1     0.1     0.1     0.1     0.1
       1       1     0.3     0.2       0.1     0.1     0.1     0.1     0.1     0.1
       1       1     0.3     0.2       0.1     0.1     0.1     0.1     0.1     0.1
       1       1     0.3     0.2       0.1     0.1     0.1     0.1     0.1     0.1
       1       1     0.3     0.2       0.1     0.1     0.1     0.1     0.1     0.1
       1       1     0.3     0.2       0.1     0.1     0.1     0.1     0.1     0.1
       1       1     0.3     0.2       0.1     0.1     0.1     0.1     0.1     0.1
       1       1     0.3     0.2       0.1     0.1     0.1     0.1     0.1     0.1
       1       1     0.3     0.2       0.1     0.1     0.1     0.1     0.1     0.1
       1       1     0.3     0.2       0.1     0.1     0.1     0.1     0.1     0.1
       1       1     0.3     0.2       0.1     0.1     0.1     0.1     0.1     0.1
       1       1     0.3     0.2       0.1     0.1     0.1     0.1     0.1     0.1
       1       1     0.3     0.2       0.1     0.1     0.1     0.1     0.1     0.1
       1       1     0.3     0.2       0.1     0.1     0.1     0.1     0.1     0.1
       1       1     0.3     0.2       0.1     0.1     0.1     0.1     0.1     0.1
       1       1     0.3     0.2       0.1     0.1     0.1     0.1     0.1     0.1
       1       1     0.3     0.2       0.1     0.1     0.1     0.1     0.1     0.1
       1       1     0.3     0.2       0.1     0.1     0.1     0.1     0.1     0.1
       1       1     0.3     0.2       0.1     0.1     0.1     0.1     0.1     0.1
       1       1     0.3     0.2       0.1     0.1     0.1     0.1     0.1     0.1
       1       1     0.3     0.2       0.1     0.1     0.1     0.1     0.1     0.1
       1       1     0.3     0.2       0.1     0.1     0.1     0.1     0.1     0.1
       1       1     0.3     0.2       0.1     0.1     0.1     0.1     0.1     0.1
       1       1     0.3     0.2       0.1     0.1     0.1     0.1     0.1     0.1
       1       1     0.3     0.2       0.1     0.1     0.1     0.1     0.1     0.1
       1       1     0.3     0.2       0.1     0.1     0.1     0.1     0.1     0.1
       1       1     0.3     0.2       0.1     0.1     0.1     0.1     0.1     0.1
       1       1     0.3     0.2       0.1     0.1     0.1     0.1     0.1     0.1
       1       1     0.3     0.2       0.1     0.1     0.1     0.1     0.1     0.1
