Spawning component abundance index
1	176	2
"Year" "VPA" "SCAI"
1972 1 3302.79407383502
1973 1 3242.58715114838
1974 1 2149.85482423474
1975 1 1350.68276497299
1976 1 1247.11388345464
1977 1 1615.574855541
1978 1 2067.47086347394
1979 1 3186.8212560018
1980 1 3507.75682338713
1981 1 3990.09577513011
1982 1 4965.78144934582
1983 1 7015.90457387512
1984 1 11100.9819273
1985 1 14397.8524233632
1986 1 14569.797805033
1987 1 18312.7222507274
1988 1 23919.4928838963
1989 1 21276.9723791345
1990 1 19079.420615114
1991 1 12573.7121494367
1992 1 6933.70623693943
1993 1 5022.31072794136
1994 1 4371.24865503652
1995 1 5456.62297080257
1996 1 6938.14535090317
1997 1 9873.60046643384
1998 1 12637.1811411833
1999 1 14066.8987639667
2000 1 16312.5390639123
2001 1 21367.2290217565
2002 1 25010.067831578
2003 1 31036.0986370215
2004 1 33533.5335238889
2005 1 30628.3775447888
2006 1 29421.2140648697
2007 1 30087.6767929759
2008 1 36925.8437181659
2009 1 44248.4064994484
2010 1 45458.7177291218
2011 1 45864.053221745
2012 1 49654.9073780048
2013 1 46543.926296035
2014 1 41408.3534800742
2015 1 39576.5162706548
1972 1 3302.79407383502
1973 1 3242.58715114838
1974 1 2149.85482423474
1975 1 1350.68276497299
1976 1 1247.11388345464
1977 1 1615.574855541
1978 1 2067.47086347394
1979 1 3186.8212560018
1980 1 3507.75682338713
1981 1 3990.09577513011
1982 1 4965.78144934582
1983 1 7015.90457387512
1984 1 11100.9819273
1985 1 14397.8524233632
1986 1 14569.797805033
1987 1 18312.7222507274
1988 1 23919.4928838963
1989 1 21276.9723791345
1990 1 19079.420615114
1991 1 12573.7121494367
1992 1 6933.70623693943
1993 1 5022.31072794136
1994 1 4371.24865503652
1995 1 5456.62297080257
1996 1 6938.14535090317
1997 1 9873.60046643384
1998 1 12637.1811411833
1999 1 14066.8987639667
2000 1 16312.5390639123
2001 1 21367.2290217565
2002 1 25010.067831578
2003 1 31036.0986370215
2004 1 33533.5335238889
2005 1 30628.3775447888
2006 1 29421.2140648697
2007 1 30087.6767929759
2008 1 36925.8437181659
2009 1 44248.4064994484
2010 1 45458.7177291218
2011 1 45864.053221745
2012 1 49654.9073780048
2013 1 46543.926296035
2014 1 41408.3534800742
2015 1 39576.5162706548
1972 1 3302.79407383502
1973 1 3242.58715114838
1974 1 2149.85482423474
1975 1 1350.68276497299
1976 1 1247.11388345464
1977 1 1615.574855541
1978 1 2067.47086347394
1979 1 3186.8212560018
1980 1 3507.75682338713
1981 1 3990.09577513011
1982 1 4965.78144934582
1983 1 7015.90457387512
1984 1 11100.9819273
1985 1 14397.8524233632
1986 1 14569.797805033
1987 1 18312.7222507274
1988 1 23919.4928838963
1989 1 21276.9723791345
1990 1 19079.420615114
1991 1 12573.7121494367
1992 1 6933.70623693943
1993 1 5022.31072794136
1994 1 4371.24865503652
1995 1 5456.62297080257
1996 1 6938.14535090317
1997 1 9873.60046643384
1998 1 12637.1811411833
1999 1 14066.8987639667
2000 1 16312.5390639123
2001 1 21367.2290217565
2002 1 25010.067831578
2003 1 31036.0986370215
2004 1 33533.5335238889
2005 1 30628.3775447888
2006 1 29421.2140648697
2007 1 30087.6767929759
2008 1 36925.8437181659
2009 1 44248.4064994484
2010 1 45458.7177291218
2011 1 45864.053221745
2012 1 49654.9073780048
2013 1 46543.926296035
2014 1 41408.3534800742
2015 1 39576.5162706548
1972 1 3302.79407383502
1973 1 3242.58715114838
1974 1 2149.85482423474
1975 1 1350.68276497299
1976 1 1247.11388345464
1977 1 1615.574855541
1978 1 2067.47086347394
1979 1 3186.8212560018
1980 1 3507.75682338713
1981 1 3990.09577513011
1982 1 4965.78144934582
1983 1 7015.90457387512
1984 1 11100.9819273
1985 1 14397.8524233632
1986 1 14569.797805033
1987 1 18312.7222507274
1988 1 23919.4928838963
1989 1 21276.9723791345
1990 1 19079.420615114
1991 1 12573.7121494367
1992 1 6933.70623693943
1993 1 5022.31072794136
1994 1 4371.24865503652
1995 1 5456.62297080257
1996 1 6938.14535090317
1997 1 9873.60046643384
1998 1 12637.1811411833
1999 1 14066.8987639667
2000 1 16312.5390639123
2001 1 21367.2290217565
2002 1 25010.067831578
2003 1 31036.0986370215
2004 1 33533.5335238889
2005 1 30628.3775447888
2006 1 29421.2140648697
2007 1 30087.6767929759
2008 1 36925.8437181659
2009 1 44248.4064994484
2010 1 45458.7177291218
2011 1 45864.053221745
2012 1 49654.9073780048
2013 1 46543.926296035
2014 1 41408.3534800742
2015 1 39576.5162706548
