Herring in Sub-area IV, Divisions VIId & IIIa (autumn-spawners)
 1     38     2
'YEAR'     'VPA'     'MLAI'
  1973     1     12.892
  1974     1     7.676
  1975     1     2.777
  1976     1     2.458
  1977     1     6.081
  1978     1     7.276
  1979     1     13.765
  1980     1     9.251
  1981     1     13.521
  1982     1     19.859
  1983     1     25.456
  1984     1     45.835
  1985     1     70.134
  1986     1     36.524
  1987     1     64.774
  1988     1     128.523
  1989     1     126.860
  1990     1     164.982
  1991     1     87.928
  1992     1     40.524
  1993     1     28.643
  1994     1     19.982
  1995     1     20.474
  1996     1     40.646
  1997     1     53.077
  1998     1     66.596
  1999     1     55.731
  2000     1     37.392
  2001     1     123.398
  2002     1     104.485
  2003     1     250.644
  2004     1     308.878
  2005     1     183.782
  2006     1     112.811
  2007     1     160.992
  2008     1     180.456
  2009     1     466.652
  2010     1     380.386
