Mean Weight in Catch (kilograms)3/14/2006   11:52
   1       3
  1960    2008
   0       9
   1
   0.015   0.050   0.126   0.176    0.211   0.243   0.251   0.267   0.271   0.271
   0.015   0.050   0.126   0.176    0.211   0.243   0.251   0.267   0.271   0.271
   0.015   0.050   0.126   0.176    0.211   0.243   0.251   0.267   0.271   0.271
   0.015   0.050   0.126   0.176    0.211   0.243   0.251   0.267   0.271   0.271
   0.015   0.050   0.126   0.176    0.211   0.243   0.251   0.267   0.271   0.271
   0.015   0.050   0.126   0.176    0.211   0.243   0.251   0.267   0.271   0.271
   0.015   0.050   0.126   0.176    0.211   0.243   0.251   0.267   0.271   0.271
   0.015   0.050   0.126   0.176    0.211   0.243   0.251   0.267   0.271   0.271
   0.015   0.050   0.126   0.176    0.211   0.243   0.251   0.267   0.271   0.271
   0.015   0.050   0.126   0.176    0.211   0.243   0.251   0.267   0.271   0.271
   0.015   0.050   0.126   0.176    0.211   0.243   0.251   0.267   0.271   0.271
   0.015   0.050   0.126   0.176    0.211   0.243   0.251   0.267   0.271   0.271
   0.015   0.050   0.126   0.176    0.211   0.243   0.251   0.267   0.271   0.271
   0.015   0.050   0.126   0.176    0.211   0.243   0.251   0.267   0.271   0.271
   0.015   0.050   0.126   0.176    0.211   0.243   0.251   0.267   0.271   0.271
   0.015   0.050   0.126   0.176    0.211   0.243   0.251   0.267   0.271   0.271
   0.015   0.050   0.126   0.176    0.211   0.243   0.251   0.267   0.271   0.271
   0.015   0.050   0.126   0.176    0.211   0.243   0.251   0.267   0.271   0.271
   0.015   0.050   0.126   0.176    0.211   0.243   0.251   0.267   0.271   0.271
   0.015   0.050   0.126   0.176    0.211   0.243   0.251   0.267   0.271   0.271
   0.015   0.050   0.126   0.176    0.211   0.243   0.251   0.267   0.271   0.271
   0.007   0.049   0.118   0.142    0.189   0.211   0.222   0.267   0.271   0.271
   0.010   0.059   0.118   0.149    0.179   0.217   0.238   0.265   0.274   0.275
   0.010   0.059   0.118   0.149    0.179   0.217   0.238   0.265   0.274   0.275
   0.010   0.059   0.118   0.149    0.179   0.217   0.238   0.265   0.274   0.275
   0.009   0.036   0.128   0.164    0.194   0.211   0.220   0.258   0.270   0.292
   0.006   0.067   0.121   0.153    0.182   0.208   0.221   0.238   0.252   0.262
   0.011   0.035   0.099   0.150    0.180   0.211   0.234   0.258   0.277   0.299
   0.011   0.055   0.111   0.145    0.174   0.197   0.216   0.237   0.253   0.263
   0.017   0.043   0.115   0.153    0.173   0.208   0.231   0.247   0.265   0.259
   0.019   0.055   0.114   0.149    0.177   0.193   0.229   0.236   0.250   0.287
   0.017   0.058   0.130   0.166    0.184   0.203   0.217   0.235   0.259   0.271
   0.010   0.053   0.102   0.175    0.189   0.207   0.223   0.237   0.249   0.287
   0.010   0.033   0.115   0.145    0.189   0.204   0.228   0.244   0.256   0.310
   0.006   0.056   0.130   0.159    0.181   0.214   0.240   0.255   0.273   0.281
   0.009   0.042   0.130   0.169    0.198   0.207   0.243   0.247   0.283   0.276
   0.015   0.018   0.112   0.156    0.188   0.204   0.212   0.261   0.280   0.288
   0.015   0.044   0.108   0.148    0.195   0.227   0.226   0.235   0.244   0.291
   0.021   0.051   0.114   0.145    0.183   0.219   0.238   0.247   0.289   0.283
   0.009   0.045   0.115   0.151    0.171   0.207   0.233   0.245   0.261   0.301
   0.015   0.033   0.113   0.157    0.179   0.201   0.216   0.246   0.275   0.262
   0.012   0.048   0.118   0.149    0.177   0.198   0.213   0.238   0.267   0.288
   0.012   0.037   0.118   0.153    0.170   0.199   0.214   0.228   0.250   0.252
   0.014   0.037   0.104   0.158    0.174   0.184   0.205   0.222   0.232   0.256
   0.014   0.036   0.100   0.138    0.183   0.201   0.216   0.228   0.246   0.272
   0.011   0.044   0.099   0.153    0.166   0.208   0.223   0.240   0.257   0.278
   0.010   0.049   0.117   0.144    0.172   0.181   0.220   0.237   0.235   0.262
   0.0124  0.0638  0.1214  0.1513   0.1634  0.1933  0.1900  0.2232  0.2349  0.2523
   0.007   0.0517  0.1407  0.1814   0.1822  0.1837  0.2143  0.2166  0.2555  0.2746
