Mean Weight in Stock (kilograms)3/11/2014  12:36 									
1   4 									
1947   2013 									
0   9 									
1									
0.015 0.05  0.122 0.140 0.156 0.171 0.185 0.197 0.213   NA   #1947
0.015 0.05  0.122 0.140 0.156 0.171 0.185 0.197 0.213   NA   #1948
0.015 0.05  0.128 0.145 0.161 0.176 0.189 0.201 0.216   NA   #1949
0.015 0.05  0.128 0.151 0.166 0.180 0.193 0.204 0.219   NA   #1950
0.015 0.05  0.134 0.157 0.176 0.189 0.201 0.211 0.224   NA   #1951
0.015 0.05  0.137 0.165 0.183 0.199 0.210 0.219 0.231   NA   #1952
0.015 0.05  0.137 0.167 0.190 0.205 0.218 0.226 0.237   NA   #1953
0.015 0.05  0.139 0.169 0.193 0.211 0.223 0.233 0.242   NA   #1954
0.015 0.05  0.140 0.170 0.195 0.214 0.228 0.238 0.248   NA   #1955
0.015 0.05  0.140 0.172 0.197 0.216 0.231 0.242 0.251   NA   #1956
0.015 0.05  0.141 0.173 0.198 0.218 0.233 0.244 0.254   NA   #1957
0.015 0.05  0.141 0.174 0.199 0.219 0.234 0.245 0.256   NA   #1958
0.015 0.05  0.143 0.176 0.201 0.221 0.236 0.247 0.258   NA   #1959
0.015	0.05	0.155	0.187	0.223	0.239	0.276	0.299	0.306	0.312
0.015	0.05	0.155	0.187	0.223	0.239	0.276	0.299	0.306	0.312
0.015	0.05	0.155	0.187	0.223	0.239	0.276	0.299	0.306	0.312
0.015	0.05	0.155	0.187	0.223	0.239	0.276	0.299	0.306	0.312
0.015	0.05	0.155	0.187	0.223	0.239	0.276	0.299	0.306	0.312
0.015	0.05	0.155	0.187	0.223	0.239	0.276	0.299	0.306	0.312
0.015	0.05	0.155	0.187	0.223	0.239	0.276	0.299	0.306	0.312
0.015	0.05	0.155	0.187	0.223	0.239	0.276	0.299	0.306	0.312
0.015	0.05	0.155	0.187	0.223	0.239	0.276	0.299	0.306	0.312
0.015	0.05	0.155	0.187	0.223	0.239	0.276	0.299	0.306	0.312
0.015	0.05	0.155	0.187	0.223	0.239	0.276	0.299	0.306	0.312
0.015	0.05	0.155	0.187	0.223	0.239	0.276	0.299	0.306	0.312
0.015	0.05	0.155	0.187	0.223	0.239	0.276	0.299	0.306	0.312
0.015	0.05	0.155	0.187	0.223	0.239	0.276	0.299	0.306	0.312
0.015	0.05	0.155	0.187	0.223	0.239	0.276	0.299	0.306	0.312
0.015	0.05	0.155	0.187	0.223	0.239	0.276	0.299	0.306	0.312
0.015	0.05	0.155	0.187	0.223	0.239	0.276	0.299	0.306	0.312
0.015	0.05	0.155	0.187	0.223	0.239	0.276	0.299	0.306	0.312
0.015	0.05	0.155	0.187	0.223	0.239	0.276	0.299	0.306	0.312
0.015	0.05	0.155	0.187	0.223	0.239	0.276	0.299	0.306	0.312
0.015	0.05	0.155	0.187	0.223	0.239	0.276	0.299	0.306	0.312
0.015	0.05	0.155	0.187	0.223	0.239	0.276	0.299	0.306	0.312
0.015	0.05	0.155	0.187	0.223	0.239	0.276	0.299	0.306	0.312
0.015	0.05	0.155	0.187	0.223	0.239	0.276	0.299	0.306	0.312
0.022	0.07	0.141	0.197	0.243	0.252	0.294	0.334	0.401	0.417
0.01	0.049	0.118	0.177	0.231	0.249	0.254	0.33	0.317	0.366
0.01	0.064	0.131	0.176	0.221	0.255	0.271	0.28	0.276	0.392
0.007	0.038	0.116	0.157	0.185	0.186	0.201	0.214	0.21	0.27
0.007	0.043	0.122	0.166	0.219	0.246	0.273	0.282	0.304	0.313
0.012	0.05	0.129	0.173	0.21	0.253	0.283	0.288	0.316	0.363
0.018	0.063	0.126	0.184	0.206	0.232	0.256	0.281	0.275	0.317
0.004	0.064	0.162	0.194	0.22	0.231	0.257	0.27	0.31	0.303
0.009	0.064	0.122	0.204	0.216	0.24	0.246	0.264	0.288	0.315
0.004	0.055	0.118	0.155	0.203	0.232	0.282	0.284	0.309	0.341
0.009	0.061	0.139	0.216	0.224	0.247	0.296	0.326	0.331	0.356
0.005	0.056	0.131	0.186	0.205	0.194	0.226	0.27	0.314	0.339
0.004	0.045	0.119	0.196	0.253	0.262	0.299	0.306	0.325	0.335
0.006	0.045	0.12	0.168	0.233	0.256	0.245	0.265	0.269	0.329
0.007	0.052	0.109	0.198	0.238	0.275	0.307	0.289	0.308	0.363
0.005	0.055	0.119	0.172	0.208	0.237	0.268	0.274	0.233	0.263
0.005	0.047	0.119	0.181	0.218	0.233	0.261	0.295	0.302	0.283
0.008	0.05	0.127	0.162	0.204	0.228	0.237	0.255	0.286	0.294
0.006	0.045	0.138	0.172	0.194	0.224	0.247	0.261	0.28	0.249
0.006	0.046	0.104	0.185	0.209	0.214	0.243	0.281	0.29	0.307
0.008	0.035	0.116	0.139	0.205	0.231	0.253	0.261	0.279	0.27
0.0032	0.0433	0.1343	0.1693	0.1797	0.2285	0.2475	0.2526	0.2744	0.2951
0.0091	0.0447	0.1267	0.1579	0.188	0.1879	0.2252	0.2428	0.2439	0.265
0.006	0.066	0.123	0.155	0.171	0.204	0.198	0.218	0.247	0.233
0.0087	0.0624	0.1414	0.1797	0.1833	0.1944	0.2299	0.2174	0.2679	0.2823
0.007   0.0559  0.1477  0.2083  0.2363  0.2315  0.2396  0.2655  0.2492  0.2627
0.0057  0.0384  0.1377  0.1831  0.2292  0.2449  0.2331  0.2374  0.2519  0.2512
0.0073  0.0352  0.1505  0.1709  0.2097  0.2417  0.2578  0.2494  0.2523  0.2746
0.0053  0.0481  0.1247  0.1924  0.1954  0.2116  0.2315  0.2419  0.2390  0.2428
0.0061  0.0381  0.131   0.1607  0.2211  0.21    0.236   0.2566  0.2492  0.2524
