Catch in Numbers (thousands)
1 2
1957 2014
1 9
1
6496 80817 66094 26882 38989 21547 9643 1658 4817
15695 33616 152801 43895 28108 32025 19986 10795 8887
54063 74615 38547 124307 27898 18942 18833 8158 9364
3940 115501 65703 25388 50558 12196 11096 6770 4856
14473 50809 72914 38321 24455 14296 5791 5370 2887
55278 99167 27189 76706 49002 22707 27787 7614 8435
11890 82849 57688 13310 42796 28698 10171 14585 7885
26609 87652 74309 29583 8857 27075 21347 10109 17655
299701 23351 72085 67768 24525 7001 28806 21475 23515
211675 517616 45317 70793 38471 22691 12656 20790 33175
207947 28648 273723 49755 48320 36143 15226 10397 33967
220870 105348 26031 243304 19679 28436 17699 7275 14389
39160 107189 84565 27604 264558 25795 45908 27932 29258
238361	134128	279726	125140	31636	182580	24591	28740	25993
208594	341260	419854	313064	110783	29495	194977	19104	34159
535964	650282	195671	60396	77859	35773	14585	102945	20936
57593	276017	855656	148347	70503	67025	27433	8475	83203
312390	154350	192141	563757	100323	58565	45530	32742	51591
180239	243395	114183	92893	211920	41304	18206	22499	45727
85666	348615	139060	62046	50512	91289	16126	7510	27717
39321	92251	109230	39293	22292	22135	26526	4118	5636
32695	86604	47666	54000	17564	9189	6370	9916	4868
6166	50213	19238	19988	9362	8430	5447	4424	4090
5548	40337	65041	25191	22139	7757	6954	4345	5334
38360	100226	147394	92801	34285	25369	15044	4044	6546
14052	268146	89183	121764	76732	31701	15605	17063	6902
83440	121498	142277	54578	74317	45638	21404	11766	12735
5001	270259	78488	52855	22138	24202	15274	6435	5979
50400	83988	215754	29970	26452	14269	16092	10910	4357
34686	182073	113890	185243	33480	25988	8274	6849	4098
31612	110114	125676	73529	149341	23655	19946	9590	16170
1708	148511	88035	69429	43142	74247	10198	4704	4324
8457	43682	188343	45072	39590	22597	39929	5835	6541
15172	65844	60279	226257	50882	33469	26192	29640	6652
27071	57450	53039	40632	137961	31454	22446	18203	12116
7845	39988	67454	50572	34382	107176	14886	12520	11797
17910	115850	41376	52945	36648	28348	86451	12382	9753
13437	92710	71418	22884	29205	21745	19112	43887	20299
550	116647	65812	39889	24509	20286	14554	16556	24002
6728	62278	100206	40347	17350	17815	12858	20921	37580
8651	112139	60912	70399	37701	23477	18682	8631	14147
16529	146944	115183	70231	53037	23510	13923	6259	6269
10027	86506	155239	59979	23456	13416	5131	2343	2038
4702    43523   44491   93387   38884   22549   71163   9507    6589
11856   139474  46549   26447   46947   23189   15411   36471   11122
1276    72953   129389  27631   37247   44097   14789   10133   15638 
4832    57756   116173  84985   17305   19659   20976   21651   7880
7458    63565   49429   68164   62977   10129   16451   12442   8530
7620    82410   103849  58928   40403   18921   6297    4629    4373
730	28727	45886	44226	63024	36862	23391	3874	5458
207	58903	61713	29954	28003	36040	23342	13816	4374
483	20163	32700	33911	14330	11678	17570	8887	9236
2126	24083	22553	28683	20906	10928	9555	12647	9461
11345	33847	36458	16499	22196	13102	6885	6050	13388
1788	54795	25098	19448	10576	8851	6035	3591	7321
6122	27797	63034	13746	9873	6865	4415	1233	4035
61	16799	22714	65355	13347	8885	5524	4607	5234
34      9171    23970   27799   54375   9537    3989    3291    3175