Landings (tonnes) (combined)
1 1
1957 2019
1 9
5
48508
66494
70447
69160
52535
65594
54089
70403
76685
112834
109281
105345
126777
186236
222211
188230
246989
214749
152765
126409
61908
41871
22668
30430
76342
111569
96511
83462
62485
99549
92960
64691
63236
88662
66229
60841
68541
58338
57367
58639
62458
72248
55845
43008
40007
50740
44583
40186
30360
46539
47407
29394
28976
30118
24678
25087
26947
27123
19885
6937
6424
5557
3429 #2019 From yellow sheets 18/Mar/2020 14:56
