Malin Shelf assessment 
103
WoS/Malin Shelf Acoustic Survey
1991 2018
1 1 0.52 0.57
1 9
1	338312	294484	327902	367830	488288	176348	98741	89830	58043
1	74310	503430	210980	258090	414750	240110	105670	56710	63440
1	2357	579320	689510	688740	564850	900410	295610	157870	161450
1	494150	542080	607720	285610	306760	268130	406840	173740	131880
1	441200	1103400	473300	450300	153000	187200	169200	236700	201700
1	41220	576460	802530	329110	95360	60600	77380	78190	114810
1	792320	641860	286170	167040	66100	49520	16280	28990	24440
1	1221700	794630	666780	471070	179050	79270	28050	13850	36770
1	534200	322400	1388000	432000	308000	138700	86500	27600	35400
1	447600	316200	337100	899500	393400	247600	199500	95000	65000
1	313100	1062000	217700	172800	437500	132600	102800	52400	34700
1	424700	436000	1436900	199800	161700	424300	152300	67500	59500
1	438800	1039400	932500	1471800	181300	129200	346700	114300	75200
1	564000	274500	760200	442300	577200	55700	61800	82200	76300
1	50200	243400	230300	423100	245100	152800	12600	39000	26800
1	112300	835200	387900	284500	582200	414700	227000	21700	59300
1	-1	126000	294400	202500	145300	346900	242900	163500	32100
1	50389	267367	995596	719782	363484	331462	743706	386202	273892
1	772520	265151	273910	443603	380436	225046	192866	500074	456113
1	132551	375304	373804	242388	173333	145891	101960	100421	297021
1	62834	257258	899637	484732	212913	227515	205093	113298	263837
1	796012	548481	832257	517267	249024	114507	111385	56526	104571
1	-1	209403	434425	671507	194706	70507	61392	28597	37398
1	1012160	277504	241674	502471	534431	148259	32565	18677	13003
1	-1	212467	396545	747121	423139	476249	90102	23931	2086
1	-1	29593	108126	87773	111676	79130	62045	5530	957
1	-1	25426	338563	155357	105728	110226	47158	13069	4721
1      1287728  447304  106491  342609  153194   51928   72276   26636   12887
Scottish IBTS-Q1 
    1994      2018
       1         1      0.00    0.25
       1         9
1	4830	48858	85955	27794	26540	37467	24419	9183	4219
1	1202	359063	130445	99865	12344	28326	12360	20940	12450
1	10422	102681	166694	51454	56103	29507	12935	19509	44164
1	5466	105593	182703	86852	29176	20283	11476	26942	26153
1	1109	8228	50010	34866	17070	5848	6776	2517	7179
1	14767	79866	333860	208576	90024	39781	26574	18665	30853
1	11297	83246	133023	174698	70164	61480	33102	9304	17792
1	13433	87821	78560	57335	104040	54985	40676	17583	18941
1	21540	39782	151663	39246	15131	42189	13304	13566	15126
1	4487	111770	124660	128306	21032	16407	30259	12989	17252
1	18776	103820	341797	200643	197167	53480	48221	54582	47875
1	30431	125745	140658	274189	215004	204336	28338	58870	52942
1	3182	268325	327416	141568	386173	372941	214968	35946	104800
1	16618	26180	80640	51265	45189	79092	58735	31858	28751
1	3903	27389	33459	34702	27111	23681	28915	33013	20189
1	920	42487	85317	82570	80809	58959	54262	94629	114061
1	65704	14782	41870	21274	20394	21170	22578	18305	38890
1	1331	91792	103871	82452	39608	47603	34354	25936	69963
1	22307	8778	125519	48715	26421	13956	13225	10641	28906
1	3473	53919	55635	115480	47149	38007	26073	22175	32456
1	12065	9274	36331	26226	42635	8153	5237	4801	4565
1	4774	5269	9431	23111	10477	12225	3574	2960	863
1	1660	12389	19720	6688	14430	17865	5893	1303	541
1	2537	6201	60854	24001	11204	11704	10430	5470	2965
1	2364	6875	30327	201648	45882	34825	17341	13837	5129     
Scottish IBTS-Q4
    1996      2018
       1         1      0.75    1.00
       1         9
1   7662	17315	15935	6763	5334	2228	2020	4236	5828
1   2265	13923	8976	7137	4245	3038	788	1821	1797
1   4312	12755	10203	8434	11118	6295	1948	896	3866
1   4862	6865	15684	11078	9835	9164	4425	1494	3433
1   8805	5626	4192	10446	4424	5664	3305	2357	1746
1   6207	33686	6757	7423	14837	10428	6520	3269	1701
1   3746	10282	7886	1199	1734	3401	2307	1853	861
1   6069	15064	10166	16343	2331	3326	3470	2193	2354
1   4980	16457	18695	13894	9265	2185	2842	1535	1200
1  10502	5361	3768	7389	8881	6120	910	2257	2545
1  4215	        7120	2449	3240	6430	7978	4498	1110	1972
1  1624	        7145	4221	2855	4974	3734	4438	1327	500
1  2316	        3142	3784	3742	2100	2902	5691	3736	4075
1  1955	       7394	3741	3648	4576	1723	1966	2342	3371
1  -1	        -1        -1      -1	-1       -1      -1      -1       -1
1  630	        10574	4559	3880	2263	2194	814	564	2436
1  1937	        2212	5937	3599	3819	2709	2526	865	5679
1  -1	        -1       -1      -1      -1      -1      -1      -1      -1
1  2829	        3510	8345	6947	11708	2998	935	981	255
1  4163	        6530	6330	10553	11892	5400	644	618	484
1  687          13701	11385	12037	14342	14991	6399	1465	613
1  1305	        5834	33661	18397	24040	12292	8832	3417	666
1  1752	        4029	4814	14217	6490	3827	2450	1768	234