Malin Shelf assessment  (14/Mar/2017 22:47)
104
Malin Shelf Acoustic Survey
2008 2017
1 1 0.52 0.57
1 9
       1   50389  267367  997573  719782  363484  331462  743706  386202  273892
       1   772520  265151  273910  443603  380436  225046  192866  500074  456113
       1   132551       375531  373804  242388  173333  145891  101960  100421  297021
       1   62834  257258  899637  484732  212913  227515  205093  113298  263837
       1   796012       549590  832257  517544  249024  114507  111385  56526  104571
       1      -1  209403  435049  671542  194706  70507  61392  28597  37398
       1   1012160      277504  242596  502471  534430  148258  32565  18677  13002
       1      -1  212467  396545  747121  423139  476249  90102  23931  2086
       1      -1  29593  108126  87773  111676  79130  62045  5530  957
       1      -1        25426   338563  155357  105728  110226  47158   13069   4721
WoS Acoustic Survey
1991 2007
1 1 0.52 0.57
1 9
1 338312 294484 327902 367830 488288 176348 98741 89830 58043
1 74310 503430 210980 258090 414750 240110 105670 56710 63440
1 2357 579320 689510 688740 564850 900410 295610 157870 161450
1 494150 542080 607720 285610 306760 268130 406840 173740 131880
1 441200 1103400 473300 450300 153000 187200 169200 236700 201700
1 41220 576460 802530 329110 95360 60600 77380 78190 114810
1 792320 641860 286170 167040 66100 49520 16280 28990 24440
1 1221700 794630 666780 471070 179050 79270 28050 13850 36770
1 534200 322400 1388000 432000 308000 138700 86500 27600 35400
1 447600 316200 337100 899500 393400 247600 199500 95000 65000
1 313100 1062000 217700 172800 437500 132600 102800 52400 34700
1 424700 436000 1436900 199800 161700 424300 152300 67500 59500
1 438800 1039400 932500 1471800 181300 129200 346700 114300 75200
1 564000 274500 760200 442300 577200 55700 61800 82200 76300
1 50200 243400 230300 423100 245100 152800 12600 39000 26800
1 112300 835200 387900 284500 582200 414700 227000 21700 59300
1 -1 126000 294400 202500 145300 346900 242900 163500 32100
Scottish IBTS-Q1 
    1994      2018
       1         1      0.00    0.25
       1         9
   1 3515.470797  117002.6102    74761.35611  34612.55359  30587.25394  39181.57642  27631.43289  8130.725879  2721.403181
   1 814.3581567  611026.5975   113311.7125  67451.00925  7408.422031  24056.71622  8908.605626  16508.09754  10252.46473
   1 7273.514846  146266.0638   117537.9787  43934.48193  46630.02737  26166.1933  10142.3401  17786.62912  44506.01557
   1 4724.66182    80198.17134   97524.40067  55105.04598  18826.19904  14107.43044  7358.445634  19520.17226  17576.13188
   1 650.9926491    8996.888297  28252.32167  16477.24771  8989.165776  2319.596495  3243.004893  1208.067188  3970.607519
   1 35158.43052   69101.36906  255434.9594  144747.6469  77489.33702  26082.30967  18207.60759  9602.749297  21047.51861
   1 16313.16561  115868.2514    61079.3845  102248.3846  45747.02621  36601.71103  20594.87016  4531.535988  9969.100102
   1 5827.584739   64737.51966   43081.01988  37630.93355  74204.7521  37101.45221  31827.25813  12174.85472  15722.41073
   1 21451.29156  139662.0801   199318.4107  37614.58657  13843.26586  36288.52774  14043.75526  13484.02747  17912.37942
   1 2987.940689   91807.33152   63601.53866  77931.95342  12954.71945  10885.14435  22640.8555  9809.392563  14672.67565
   1 13364.77776  111832.973    275932.236  210752.1534  280714.2207  61424.3247  62052.48156  63995.39979  61103.43493
   1 26995.98389  128345.248     51920.96378  131750.8245  164224.6124  178834.3986  23537.0842  43579.94931  48084.45887
   1 3497.157652  235038.264    129066.8444  87034.70422  298422.1192  394080.6531  252492.3406  36954.51089  106773.1988
   1 25288.18464   14750.53638   50259.88094  40340.63764  49146.80362  125423.8401  83084.3234  50853.93049  30770.83291
   1 6593.707918   45989.10947   27518.0044  28584.70971  23253.25363  23124.47626  38481.90728  47585.24373  20406.49903
   1 424.0727492   58149.53212  117119.957  166505.9137  234534.8639  199400.6608  252681.1915  523501.9052  522145.7732
   1 136108.7553   15082.53096   43013.26701  34231.19313  30934.62374  24840.35565  28678.82488  24738.86775  81342.3307
   1 501.680136   102623.5094    78565.96775  122930.1875  49118.74898  62904.04266  44657.12811  35860.36634  99627.6955
   1 21662.79451    5146.783504  76429.7968  42871.46985  21959.21824  15311.66265  13090.88298  11309.29025  32580.57975
   1 1749.90955    47534.00647   56402.31794  212713.2115  47605.57885  40213.76885  28644.79411  24256.38509  41865.23062
   1 13771.73782    6328.80524   31804.31058  30619.09397  72724.87913  9158.424873  6094.666523  5805.955642  4246.788002
   1 4239.506717    3995.456913   8221.165287  24664.49732  11115.50547  17136.54749  4062.427206  4991.315146  354.1384628
   1 856.7933764   10935.00784   21649.54744  11064.59314  44478.07191  50201.17315  14392.4087  1775.347356  389.197229
   1 1405.706685    5691.741791 135199.5672  123440.9184  57248.6842  95495.98507  63966.87979  24325.44442  12005.20703
   1 11720.98063    8448.898854  21090.95999  267456.6547  51173.32642  55231.45653  22243.22759  21032.75201  7272.751607
Scottish IBTS-Q4
    1996      2017
       1         1      0.75    1.00
       0         9
   1 107.9263998  7216.643739  13797.42449  15312.2575  5195.453898  4619.761351  1840.174838  1701.810949  3619.799402  4353.380851
   1 295.6580238  812.858298  8742.136498  8481.770909  6568.857107  4202.140232  2883.259169  586.3097024  1735.879841  1944.23692
   1 836.3710516  1552.806177  12365.02892  13930.73929  8895.352827  12794.48773  6592.244122  1350.432724  520.0958151  3021.110989
   1 323.0368728  1973.018875  4670.207077  11022.65728  6078.227062  3893.71899  4497.151487  1528.044245  529.4832945  1233.461349
   1 1697.147502  5946.822716  5253.785178  5846.361298  10633.52331  3009.847864  3638.239703  1846.833884  1147.950552  770.5986984
   1 2120.373348  2627.907155  73434.34671  15701.67016  11531.00562  23729.85168  16855.97602  10329.78442  4958.901111  2570.761523
   1 1262.051239  1661.208482  5621.698856  8953.164346  1383.084112  2807.943977  5764.795303  1526.055011  1127.552765  519.3057909
   1 835.8611349  38508.55411  44232.3482  13966.20986  17277.18246  2551.080393  3315.975669  3288.344239  1738.550001  1882.56445
   1 3292.730702  2872.074351  11524.88852  23353.65253  16341.64024  29574.85105  3997.965532  5040.332333  3418.139284  2154.561408
   1 1673.511719  4751.231001  5309.930412  3972.825109  10504.25385  8648.726062  5412.546101  592.1496533  1398.346311  1403.421196
   1 1029.040707  654.6243951  5080.926595  5156.964049  6811.845774  13049.64745  13717.66838  7238.877878  1903.926811  2880.950884
   1 206.5214334  4928.239791  15174.91621  9640.4848  4584.423894  13265.20952  15514.61538  15549.13963  5139.9131  1820.314742
   1 4.917213337  513.9748635  2384.589346  4735.316216  5061.708818  3342.227423  4924.572762  8295.188146  4688.015761  5523.134477
   1 1182.072699  1080.991584  9489.19857  6150.996517  8407.591238  11379.09653  5918.459828  3807.064806  3934.019443  5277.594259
   1 -1  -1  -1  -1  -1  -1  -1  -1  -1  -1
   1 273.9958871  193.7664995  18562.20947  10688.73542  8868.540415  9418.617046  13560.33853  7632.204438  2632.47949  8183.298022
   1 105.7345947  43827.00344  9704.947893  6295.600079  3102.290476  3379.72505  2570.426958  1996.193177  617.1460317  5034.489022
   1 -1  -1  -1  -1  -1  -1  -1  -1  -1  -1
   1 644.300249  302.1510992  11406.61764  38977.67816  20147.55455  26467.96122  3450.845261  638.9722787  924.8295538  178.3273663
   1 457.2129367  762.0987575  10486.14098  19482.42505  23195.75919  28107.19517  13115.79623  996.8588729  990.3717944  638.6956636
   1 2823.679663  218.7334721  23347.25428  35300.36739  30595.08548  118731.7668  78632.36993  27627.50587  7848.078329  2831.539434
   1 55.49587574  84.74957663  5322.705751  120612.4724  100076.5642  193927.1544  137844.3182  69738.22708  27818.30421  3805.690251

