Mean Weight in Catch (kilograms)
1 3
1957 2014
1 9
1
0.079	0.108	0.139	0.161	0.176	0.178	0.188	0.199	0.194
0.079	0.109	0.134	0.167	0.176	0.185	0.195	0.193	0.209
0.080	0.107	0.134	0.161	0.171	0.176	0.187	0.190	0.191
0.086	0.112	0.138	0.168	0.168	0.176	0.189	0.192	0.192
0.085	0.111	0.142	0.169	0.172	0.185	0.189	0.195	0.198
0.079	0.107	0.140	0.165	0.171	0.180	0.191	0.199	0.199
0.080	0.108	0.137	0.170	0.171	0.182	0.201	0.192	0.220
0.079	0.108	0.136	0.169	0.187	0.185	0.198	0.202	0.207
0.079	0.109	0.136	0.164	0.170	0.188	0.194	0.191	0.197
0.079	0.105	0.139	0.163	0.215	0.178	0.209	0.191	0.195
0.079	0.105	0.137	0.166	0.172	0.179	0.192	0.208	0.198
0.079	0.106	0.135	0.165	0.173	0.176	0.184	0.188	0.195
0.080	0.108	0.136	0.164	0.174	0.181	0.184	0.187	0.192
0.079	0.111	0.133	0.161	0.170	0.181	0.186	0.186	0.189
0.079	0.104	0.131	0.159	0.168	0.177	0.191	0.189	0.189
0.079	0.105	0.134	0.161	0.170	0.185	0.195	0.208	0.197
0.092	0.122	0.158	0.177	0.188	0.209	0.222	0.227	0.234
0.090	0.123	0.159	0.176	0.190	0.208	0.221	0.228	0.234
0.091	0.122	0.160	0.180	0.189	0.210	0.222	0.229	0.236
0.094	0.122	0.160	0.182	0.198	0.209	0.222	0.230	0.234
0.092	0.125	0.159	0.182	0.199	0.213	0.221	0.228	0.237
0.096	0.125	0.162	0.179	0.200	0.215	0.227	0.229	0.236
0.109	0.129	0.165	0.191	0.209	0.222	0.231	0.237	0.241
0.100	0.129	0.165	0.191	0.209	0.222	0.231	0.237	0.241
0.091	0.123	0.160	0.180	0.195	0.214	0.221	0.233	0.238
0.082	0.139	0.173	0.202	0.226	0.245	0.260	0.275	0.273
0.080	0.136	0.172	0.199	0.222	0.241	0.258	0.271	0.277
0.095	0.140	0.177	0.207	0.229	0.245	0.259	0.272	0.263
0.071	0.106	0.142	0.171	0.188	0.203	0.212	0.224	0.231
0.113	0.144	0.171	0.195	0.214	0.228	0.240	0.217	0.274
0.078	0.127	0.162	0.187	0.191	0.209	0.218	0.229	0.233
0.080	0.109	0.144	0.163	0.183	0.180	0.201	0.201	0.216
0.081	0.140	0.143	0.175	0.181	0.193	0.201	0.196	0.224
0.080	0.132	0.165	0.167	0.193	0.203	0.207	0.229	0.242
0.084	0.128	0.152	0.189	0.179	0.204	0.211	0.227	0.245
0.092	0.128	0.160	0.175	0.204	0.186	0.207	0.215	0.236
0.089	0.130	0.155	0.176	0.190	0.207	0.202	0.242	0.246
0.081	0.141	0.166	0.180	0.191	0.192	0.220	0.212	0.243
0.093	0.141	0.170	0.183	0.186	0.201	0.202	0.216	0.241
0.084	0.134	0.174	0.188	0.212	0.212	0.235	0.239	0.282
0.092	0.135	0.168	0.192	0.214	0.221	0.218	0.235	0.256
0.096	0.137	0.149	0.177	0.194	0.209	0.218	0.217	0.207
0.083	0.138	0.153	0.168	0.189	0.203	0.216	0.220	0.224
0.084 0.133 0.159 0.178 0.189 0.196 0.206 0.218 0.208
0.086 0.133 0.147 0.173 0.188 0.191 0.214 0.222 0.218
0.104 0.137 0.156 0.161 0.167 0.185 0.193 0.222 0.231
0.102 0.140 0.154 0.168 0.184 0.197 0.203 0.200 0.240
0.085 0.142 0.161 0.179 0.208 0.204 0.210 0.197 0.294
0.105 0.135 0.153 0.170 0.183 0.208 0.205 0.242 0.281
0.103	0.142	0.146	0.169	0.194	0.213	0.240	0.253	0.273
0.116	0.157	0.157	0.174	0.195	0.216	0.215	0.261	0.301
0.111	0.157	0.172	0.176	0.188	0.216	0.244	0.277	0.286
0.109	0.159	0.191	0.219	0.218	0.231	0.249	0.252	0.273
0.084	0.145	0.177	0.203	0.223	0.225	0.230	0.238	0.255
0.064	0.146	0.171	0.197	0.221	0.223	0.233	0.239	0.252
0.087	0.141	0.187	0.204	0.216	0.227	0.239	0.278	0.247
0.083	0.140	0.168	0.192	0.199	0.209	0.228	0.234	0.247
0.105   0.145   0.169   0.191   0.215   0.227   0.241   0.251   0.278
