Herring in Division VIa (North)(runname:ICAPGF08)
101
FLT01:West Scotland Summer Acoustic Survey (Catch:Thousands)(Effort:Unknown)
1987 2007
1 1 0.52 0.57
1 9
1 249100 578400 551100 353100 752600 111600 48100 15900 6500
1 -1 -1 -1 -1 -1 -1 -1 -1 -1
1 -1 -1 -1 -1 -1 -1 -1 -1 -1
1 -1 -1 -1 -1 -1 -1 -1 -1 -1
1 338312 294484 327902 367830 488288 176348 98741 89830 58043
1 74310 503430 210980 258090 414750 240110 105670 56710 63440
1 2760 750270 681170 653050 544000 865150 284110 151730 156180
1 494150 542080 607720 285610 306760 268130 406840 173740 131880
1 460630 1085090 472710 450250 153000 187060 169180 236580 201510
1 41220 576460 802530 329110 95360 60600 77380 78190 114810
1 792320 641860 286170 167040 66100 49520 16280 28990 24440
1 1221700 794630 666780 471070 179050 79270 28050 13850 36770
1 534200 322400 1388000 432000 308000 138700 86500 27600 35400
1 447600 316200 337100 899500 393400 247600 199500 95000 65000
1 313100 1062000 217700 172800 437500 132600 102800 52400 34700
1 424700 436000 1436900 199800 161700 424300 152300 67500 59500
1 438800 1039400 932500 1471800 181300 129200 346700 114300 75200
1 564000 274500 760200 442300 577200 55700 61800 82200 76300
1 50200 243400 230300 423100 245100 152800 12600 39000 26800
1 112300 835200 387900 284500 582200 414700 227000 21700 59300
1 -1 126000 294400 202500 145300 346900 242900 163500 32100
