Mean Weight in Stock (kilograms)
1 4
1957 2013
1 9
1
0.09 0.164 0.208 0.233 0.246 0.252 0.258 0.269 0.292
0.09 0.164 0.208 0.233 0.246 0.252 0.258 0.269 0.292
0.09 0.164 0.208 0.233 0.246 0.252 0.258 0.269 0.292
0.09 0.164 0.208 0.233 0.246 0.252 0.258 0.269 0.292
0.09 0.164 0.208 0.233 0.246 0.252 0.258 0.269 0.292
0.09 0.164 0.208 0.233 0.246 0.252 0.258 0.269 0.292
0.09 0.164 0.208 0.233 0.246 0.252 0.258 0.269 0.292
0.09 0.164 0.208 0.233 0.246 0.252 0.258 0.269 0.292
0.09 0.164 0.208 0.233 0.246 0.252 0.258 0.269 0.292
0.09 0.164 0.208 0.233 0.246 0.252 0.258 0.269 0.292
0.09 0.164 0.208 0.233 0.246 0.252 0.258 0.269 0.292
0.09 0.164 0.208 0.233 0.246 0.252 0.258 0.269 0.292
0.09 0.164 0.208 0.233 0.246 0.252 0.258 0.269 0.292
0.09 0.164 0.208 0.233 0.246 0.252 0.258 0.269 0.292
0.09 0.164 0.208 0.233 0.246 0.252 0.258 0.269 0.292
0.09 0.164 0.208 0.233 0.246 0.252 0.258 0.269 0.292
0.09 0.164 0.208 0.233 0.246 0.252 0.258 0.269 0.292
0.09 0.164 0.208 0.233 0.246 0.252 0.258 0.269 0.292
0.09 0.164 0.208 0.233 0.246 0.252 0.258 0.269 0.292
0.09 0.164 0.208 0.233 0.246 0.252 0.258 0.269 0.292
0.09 0.164 0.208 0.233 0.246 0.252 0.258 0.269 0.292
0.09 0.164 0.208 0.233 0.246 0.252 0.258 0.269 0.292
0.09 0.164 0.208 0.233 0.246 0.252 0.258 0.269 0.292
0.09 0.164 0.208 0.233 0.246 0.252 0.258 0.269 0.292
0.09 0.164 0.208 0.233 0.246 0.252 0.258 0.269 0.292
0.09 0.164 0.208 0.233 0.246 0.252 0.258 0.269 0.292
0.09 0.164 0.208 0.233 0.246 0.252 0.258 0.269 0.292
0.09 0.164 0.208 0.233 0.246 0.252 0.258 0.269 0.292
0.09 0.164 0.208 0.233 0.246 0.252 0.258 0.269 0.292
0.09 0.164 0.208 0.233 0.246 0.252 0.258 0.269 0.292
0.09 0.164 0.208 0.233 0.246 0.252 0.258 0.269 0.292
0.09 0.164 0.208 0.233 0.246 0.252 0.258 0.269 0.292
0.09 0.164 0.208 0.233 0.246 0.252 0.258 0.269 0.292
0.09 0.164 0.208 0.233 0.246 0.252 0.258 0.269 0.292
0.09 0.164 0.208 0.233 0.246 0.252 0.258 0.269 0.292
0.068 0.152 0.186 0.206 0.233 0.253 0.273 0.299 0.302
0.073 0.164 0.196 0.206 0.225 0.234 0.253 0.259 0.276
0.052 0.15 0.192 0.22 0.221 0.233 0.241 0.27 0.296
0.042 0.144 0.191 0.202 0.225 0.227 0.247 0.26 0.293
0.045 0.14 0.18 0.209 0.219 0.222 0.229 0.242 0.263
0.054 0.142 0.180 0.199 0.213 0.222 0.231 0.242 0.263
0.066 0.138 0.176 0.194 0.214 0.226 0.234 0.225 0.249
0.054 0.137 0.166 0.188 0.203 0.219 0.225 0.235 0.245
0.062 0.141 0.173 0.183 0.194 0.204 0.211 0.222 0.23
0.062 0.132 0.17 0.19 0.198 0.212 0.22 0.236 0.254
0.062 0.153 0.177 0.198 0.212 0.215 0.225 0.243 0.259
0.064 0.138 0.176 0.19 0.204 0.213 0.217 0.223 0.228
0.059 0.138 0.159 0.18 0.189 0.202 0.213 0.214 0.206
0.0751 0.1296 0.1538 0.1665 0.1802 0.1911 0.2125 0.203 0.2284
0.075 0.135 0.166 0.185 0.192 0.204 0.211 0.224 0.231
0.075 0.1675 0.183 0.1914 0.1951 0.1951 0.2021 0.2034 0.2138
0.0546 0.1721 0.1913 0.2083 0.2143 0.2139 0.2206 0.2242 0.2385
0.1013 0.1734 0.2064 0.2233 0.2331 0.2313 0.2318 0.2323 0.2382
0.0642 0.0923 0.1677 0.1983 0.2114 0.2148 0.2091 0.2193 0.2153
0.057 0.1323 0.1597 0.2078 0.2356 0.2447 0.2379 0.2224 0.2526
0.0659 0.1501 0.1828 0.1888 0.2059 0.2164 0.2135 0.2179 0.2144
0 0.153 0.165 0.202 0.210 0.236 0.243 0.244 0.253
