Proportion Mature at Year Start
1 6
1957 2015
1 9
1
0 0.57 0.96 1 1 1 1 1 1
0 0.57 0.96 1 1 1 1 1 1
0 0.57 0.96 1 1 1 1 1 1
0 0.57 0.96 1 1 1 1 1 1
0 0.57 0.96 1 1 1 1 1 1
0 0.57 0.96 1 1 1 1 1 1
0 0.57 0.96 1 1 1 1 1 1
0 0.57 0.96 1 1 1 1 1 1
0 0.57 0.96 1 1 1 1 1 1
0 0.57 0.96 1 1 1 1 1 1
0 0.57 0.96 1 1 1 1 1 1
0 0.57 0.96 1 1 1 1 1 1
0 0.57 0.96 1 1 1 1 1 1
0 0.57 0.96 1 1 1 1 1 1
0 0.57 0.96 1 1 1 1 1 1
0 0.57 0.96 1 1 1 1 1 1
0 0.57 0.96 1 1 1 1 1 1
0 0.57 0.96 1 1 1 1 1 1
0 0.57 0.96 1 1 1 1 1 1
0 0.57 0.96 1 1 1 1 1 1
0 0.57 0.96 1 1 1 1 1 1
0 0.57 0.96 1 1 1 1 1 1
0 0.57 0.96 1 1 1 1 1 1
0 0.57 0.96 1 1 1 1 1 1
0 0.57 0.96 1 1 1 1 1 1
0 0.57 0.96 1 1 1 1 1 1
0 0.57 0.96 1 1 1 1 1 1
0 0.57 0.96 1 1 1 1 1 1
0 0.57 0.96 1 1 1 1 1 1
0 0.57 0.96 1 1 1 1 1 1
0 0.57 0.96 1 1 1 1 1 1
0 0.57 0.96 1 1 1 1 1 1
0 0.57 0.96 1 1 1 1 1 1
0 0.57  0.96 1 1 1 1 1 1
0 0.57  0.96 1 1 1 1 1 1
0 0.47  1.00 1 1 1 1 1 1
0 0.93  0.96 1 1 1 1 1 1
0 0.59  0.93 1 1 1 1 1 1
0 0.21  0.98 1 1 1 1 1 1
0 0.76  0.94 1 1 1 1 1 1
0 0.55  0.95 1 1 1 1 1 1
0 0.85  0.97 1 1 1 1 1 1
0 0.57  0.98 1 1 1 1 1 1
0 0.45  0.92 1 1 1 1 1 1
0 0.93  0.99 1 1 1 1 1 1
0 0.92  1    1 1 1 1 1 1
0 0.76  1    1 1 1 1 1 1
0 0.83  0.97 1 1 1 1 1 1
0 0.84  1    1 1 1 1 1 1
0 0.81  0.97 1 1 1 1 1 1
0 1.00  1    1 1 1 1 1 1
0 0.91  0.99 1 1 1 1 1 1
0 0.67  0.99 1 1 1 1 1 1
0 0.88  0.99 1 1 1 1 1 1
0 0.50  0.93 1.00 1 1 1 1 1 
0 0.62  0.99 1.00 1 1 1 1 1
0 0.35  0.72 0.98 0.98 1 1 1 1 
0 0.178 0.73 0.99 1    1 1 1 1
0 0.48 0.85 0.99 0.98 1.00 0.97 1 1
