NSH Herring stock numbers at age - stock.n (units : NA )
1	13	
1960	2009	
0	9	
1 
12087837 16417330 3691251 7682035 602818.4 743328.6 437783.2 284553 299663.5 330888.2
108858073 4333853 4675806 1765607 4522635 388154.7 513494.3 289054.3 138471.1 216361.1
46275907 39309127 1400847 1868294 1014587 2712648 233711.6 314976.1 203288.3 204466.1
47657598 16941463 13220704 808029.4 816731.1 600532.4 1430482 91636.77 147782.6 179450.3
62784953 17274863 5505254 7273662 502219.3 588776.3 466843.9 1076283 61670.06 135299.0
34894783 22808407 4668404 2764181 3942712 313756.6 391435.2 332268.8 730743.6 138717.4
27858148 12745698 6560057 1592762 1081019 1640745 146683.2 210375.6 189259.6 468293.8
40255855 10030872 3896018 2688324 642254.7 552196.7 644341.2 89791.22 128940.7 273050.8
38698462 14434482 2739066 1892162 984411.4 230568.2 218410.1 212324.7 17473.03 117082.1
21581503 13749306 3932873 538112.1 238233.5 305025.9 60737.12 61063.94 38722.97 35472.5
41072449 7874254 3639633 1329712 176877.5 89912 96134.57 8212.11 15076.29 15327.56
32306362 14588537 2215632 1019221 306638.1 42273.15 33871.65 29494.49 120.4586 14936.87
20858534 11487881 2938960 679037 247648.1 81358.93 12898.53 2211.477 1717.567 624.5697
10102036 7238790 2370330 966404.8 249442.2 100716.9 42476.29 6937.352 1811.019 776.1509
21688511 3548543 1357282 631695.8 208387.7 84038.99 35185.78 9660.365 2782.555 1530.405
2814491 7402595 830689.8 359394.2 195338.3 69722.81 23211.35 10819.59 4017.228 1654.153
2720374 883838.4 1368059 165338.6 65304.17 44629.98 9501.307 5851.515 1273.433 509.3733
4326038 863798.8 252958 264964.4 31831.68 10323.58 7999.132 2849.001 1161.471 299.6398
4594665 1443199 235806.1 149282.5 52343.54 18570.82 2750.974 3364.021 1160.965 1741.447
10600186 1614908 434394.1 170490.3 117076.9 42612.41 16518.36 2299.143 2853.827 475.6379
16716729 3586313 502695.1 292635.9 130562.4 96339.74 36561.44 14756.28 1322.537 330.6343
37860685 5422398 1178003 258539.1 157241.0 87596.96 66584.9 30896.49 12022.04 2404.407
64740217 8599437 1498960 630860.6 160510.1 104814.9 52255.79 38743.5 10320.03 3153.341
61794951 17044487 2525648 855386.3 310392.2 113258.7 81166.17 40825.23 27654.69 30420.16
53439842 15241136 4874204 1382706 505902.7 181284.2 77626.33 51825.88 24809.68 41572.98
80893853 15675302 4566198 2635708 736166.3 267020.0 87320.87 48815.22 23072.77 28356.61
97583821 27325525 3931316 2256802 1101605 317858.8 123882.1 37805.98 25052.93 27263.49
86180225 33742358 7328995 1838525 1094739 555914.7 164760.3 53406.14 14849.43 15220.67
42262187 26977423 8552880 3615232 906958 548592 270493.1 78429.94 25811.03 14339.46
39173461 13724225 5554748 4438639 1981174 457573.7 254501.4 123635.2 35044.38 15635.18
35871987 12650387 3280756 2761937 2410442 1026674 213740 113350 54214.28 22401.04
33634923 12442013 2959387 1666497 1561805 1365563 562055.7 117457.6 51134.2 25966.58
62138096 10997964 3363151 1234694 865306 893249 760965.8 314141.1 69045.8 41039.98
50250988 16990017 2746968 1405186 614260.4 440864.7 467022.7 333545.3 140182.1 66959.85
34500565 12691438 4097951 1042831 606123.4 267075.9 195116.8 208936.3 124343.8 82777.45
41602863 10121617 3650577 1532313 417155.6 220395.2 138495.9 89748.64 116699.7 49494.35
49747245 11087659 2777431 1484364 527201.6 158624 87475.02 73132.02 42048.32 9654.364
28730419 16964230 3163185 1511201 744339.1 313961.4 88990.8 57780.57 57374.52 17414.1
27373602 10318889 5962656 1757666 836173.8 403740.6 180663 50790.35 41054.36 9265.759
67697220 9919334 3234507 3377978 956404.3 494779.2 198984.7 79417.72 31519.21 6363.323
40678164 23995608 3473191 1870911 1815928 586683.7 319078.5 114404.4 45340.18 7636.273
90678376 14323827 8150042 2041978 1115573 1030482 328687.8 210494.2 69678.32 10473.15
30444152 32294954 4913873 5317434 1235346 744908.7 627498.8 211206.7 154155.7 38748.21
19069558 10776112 11394875 3145101 3480052 840606.8 540483.6 402272 144711.8 34742.19
23729100 6801051 3607973 7397131 2098405 2356324 528570 386796.3 247137.8 118592.3
16141706 8228654 2346677 2300877 4790502 1365151 1452974 322862.9 246985.4 184153.0
27136239 5523279 2798437 1446677 1413168 2892570 771889.8 812076.4 190540.4 141757.2
17358063 9315410 1884983 1739390 900009.2 868842.8 1670233 440796 488488.2 78293.18
20044858 5971130 3186337 1177821 1091078 559804.7 508505.3 967086 268424.5 195699.5
32832169 7036972 2087952 2096306 800884.5 760221.7 373844.7 337052 663945 323384.1
