Herring Irish Sea stock numbers at age - stock.n (units : NA )
1	13	
1961	2010	
1	8	
1 
67559 32807 10871 25222 1913 1040 3550 6390
53462 22235 14591 6538 11076 1504 489 1708
130271 19446 6178 5402 4199 4887 1179 1348
228981 45123 6468 2962 2161 1662 2282 738
124567 83361 18144 1451 2006 1451 832 1387
373283 45334 38803 7548 384 1148 384 942
360259 136776 20832 17780 4934 235 704 813
568489 129952 66600 12028 11695 3183 152 998
379074 208542 70590 42420 7019 9806 2300 671
484293 138685 118037 42598 26363 5098 6368 3184
499310 174904 76204 66450 22956 11932 2953 2953
414813 176627 72997 33829 32310 15961 7432 4666
667927 129268 91195 35627 18132 16225 8045 8077
349430 221394 67928 40469 21349 9854 9876 3126
369357 103812 71955 20293 13502 9252 4201 3296
263290 116721 36298 23835 8124 4791 4390 2304
324831 77015 39238 11242 7223 3027 1684 2073
248671 102101 24272 11957 3806 2275 1359 710
139184 82513 44370 7939 4419 1798 794 576
157428 44432 28910 15404 3169 1919 636 406
223863 54532 11390 6412 5894 1001 876 725
231879 79424 26994 6452 3162 3156 593 1610
232651 82344 45184 17001 3801 2548 1804 417
131707 84828 50621 31949 12706 3017 1846 3862
148802 47773 55641 34927 25260 9389 2369 2571
171166 53331 26833 30003 19022 16025 5982 3583
275725 60364 26546 15269 19042 12917 11465 8229
113260 100140 33666 16209 10971 13264 9053 11801
149490 40154 56090 15623 7895 5564 7188 9019
117269 54322 24299 35096 9674 5364 3844 5958
69165 41798 29323 14747 22562 5346 3279 3717
199305 24285 22666 17946 10655 15607 3422 1295
64051 66310 12145 12505 9903 6555 9269 3604
198166 23187 36664 7240 8453 6209 4408 6868
128604 71756 11236 19111 4819 5217 3625 5684
114486 45452 35056 6157 12297 3224 3625 5146
121751 39032 18855 19937 4470 7711 2177 3711
185521 39290 11004 8671 11088 2490 4815 1060
62299 66467 19028 5537 3641 3738 1279 1791
66186 21869 34848 10253 3525 1897 1504 881
69291 23640 13009 23244 7318 2660 1387 1713
64754 23920 7866 4287 8713 3420 1520 1081
144070 23718 10092 4738 2113 5613 2191 1520
126908 52597 13571 5263 1870 1078 2297 433
143446 44816 31431 6275 2717 1102 773 986
174895 46250 18590 14594 3460 1381 593 605
205506 55508 17900 8066 7585 1642 699 525
129694 70718 30658 10997 5680 5126 1142 772
204089 43501 34899 16872 7034 3432 3223 1650
202813 72196 27128 24144 13178 5363 2661 938
