Herring Irish Sea proportion of M before spawning - m.spwn (units : NA )
1	8	
1961	2010	
1	8	
1 
0.75 0.75 0.75 0.75 0.75 0.75 0.75 0.75
0.75 0.75 0.75 0.75 0.75 0.75 0.75 0.75
0.75 0.75 0.75 0.75 0.75 0.75 0.75 0.75
0.75 0.75 0.75 0.75 0.75 0.75 0.75 0.75
0.75 0.75 0.75 0.75 0.75 0.75 0.75 0.75
0.75 0.75 0.75 0.75 0.75 0.75 0.75 0.75
0.75 0.75 0.75 0.75 0.75 0.75 0.75 0.75
0.75 0.75 0.75 0.75 0.75 0.75 0.75 0.75
0.75 0.75 0.75 0.75 0.75 0.75 0.75 0.75
0.75 0.75 0.75 0.75 0.75 0.75 0.75 0.75
0.75 0.75 0.75 0.75 0.75 0.75 0.75 0.75
0.75 0.75 0.75 0.75 0.75 0.75 0.75 0.75
0.75 0.75 0.75 0.75 0.75 0.75 0.75 0.75
0.75 0.75 0.75 0.75 0.75 0.75 0.75 0.75
0.75 0.75 0.75 0.75 0.75 0.75 0.75 0.75
0.75 0.75 0.75 0.75 0.75 0.75 0.75 0.75
0.75 0.75 0.75 0.75 0.75 0.75 0.75 0.75
0.75 0.75 0.75 0.75 0.75 0.75 0.75 0.75
0.75 0.75 0.75 0.75 0.75 0.75 0.75 0.75
0.75 0.75 0.75 0.75 0.75 0.75 0.75 0.75
0.75 0.75 0.75 0.75 0.75 0.75 0.75 0.75
0.75 0.75 0.75 0.75 0.75 0.75 0.75 0.75
0.75 0.75 0.75 0.75 0.75 0.75 0.75 0.75
0.75 0.75 0.75 0.75 0.75 0.75 0.75 0.75
0.75 0.75 0.75 0.75 0.75 0.75 0.75 0.75
0.75 0.75 0.75 0.75 0.75 0.75 0.75 0.75
0.75 0.75 0.75 0.75 0.75 0.75 0.75 0.75
0.75 0.75 0.75 0.75 0.75 0.75 0.75 0.75
0.75 0.75 0.75 0.75 0.75 0.75 0.75 0.75
0.75 0.75 0.75 0.75 0.75 0.75 0.75 0.75
0.75 0.75 0.75 0.75 0.75 0.75 0.75 0.75
0.75 0.75 0.75 0.75 0.75 0.75 0.75 0.75
0.75 0.75 0.75 0.75 0.75 0.75 0.75 0.75
0.75 0.75 0.75 0.75 0.75 0.75 0.75 0.75
0.75 0.75 0.75 0.75 0.75 0.75 0.75 0.75
0.75 0.75 0.75 0.75 0.75 0.75 0.75 0.75
0.75 0.75 0.75 0.75 0.75 0.75 0.75 0.75
0.75 0.75 0.75 0.75 0.75 0.75 0.75 0.75
0.75 0.75 0.75 0.75 0.75 0.75 0.75 0.75
0.75 0.75 0.75 0.75 0.75 0.75 0.75 0.75
0.75 0.75 0.75 0.75 0.75 0.75 0.75 0.75
0.75 0.75 0.75 0.75 0.75 0.75 0.75 0.75
0.75 0.75 0.75 0.75 0.75 0.75 0.75 0.75
0.75 0.75 0.75 0.75 0.75 0.75 0.75 0.75
0.75 0.75 0.75 0.75 0.75 0.75 0.75 0.75
0.75 0.75 0.75 0.75 0.75 0.75 0.75 0.75
0.75 0.75 0.75 0.75 0.75 0.75 0.75 0.75
0.75 0.75 0.75 0.75 0.75 0.75 0.75 0.75
0.75 0.75 0.75 0.75 0.75 0.75 0.75 0.75
0.75 0.75 0.75 0.75 0.75 0.75 0.75 0.75
