Herring Irish Sea fishing mortality - harvest (units : f )
1	12	
1961	2010	
1	8	
1 
0.111 0.51 0.309 0.723 0.141 0.655 0.435 0.435
0.011 0.981 0.794 0.343 0.718 0.143 0.525 0.525
0.06 0.801 0.535 0.816 0.827 0.662 0.662 0.662
0.01 0.611 1.295 0.289 0.298 0.592 0.289 0.289
0.011 0.465 0.677 1.23 0.459 1.23 0.757 0.757
0.004 0.478 0.58 0.325 0.389 0.389 0.389 0.389
0.02 0.42 0.349 0.319 0.338 0.335 0.319 0.319
0.003 0.31 0.251 0.439 0.076 0.225 0.439 0.439
0.006 0.269 0.305 0.376 0.22 0.332 0.275 0.275
0.018 0.299 0.375 0.518 0.693 0.446 0.424 0.424
0.039 0.574 0.612 0.621 0.263 0.373 0.446 0.446
0.166 0.361 0.517 0.524 0.589 0.585 0.469 0.469
0.104 0.343 0.612 0.412 0.51 0.396 0.411 0.411
0.214 0.824 1.008 0.998 0.736 0.753 0.786 0.786
0.152 0.751 0.905 0.815 0.936 0.646 0.733 0.733
0.229 0.79 0.972 1.094 0.887 0.946 0.856 0.856
0.157 0.855 0.988 0.983 1.055 0.701 0.83 0.83
0.103 0.533 0.918 0.895 0.65 0.952 0.724 0.724
0.142 0.749 0.858 0.818 0.734 0.939 0.746 0.746
0.06 1.061 1.306 0.861 1.052 0.684 0.893 0.893
0.036 0.403 0.368 0.607 0.525 0.423 0.425 0.425
0.035 0.264 0.262 0.429 0.116 0.459 0.284 0.284
0.009 0.187 0.147 0.191 0.131 0.222 0.161 0.161
0.014 0.122 0.171 0.135 0.203 0.142 0.139 0.139
0.026 0.277 0.418 0.508 0.355 0.351 0.35 0.35
0.042 0.398 0.364 0.355 0.287 0.235 0.296 0.296
0.013 0.284 0.293 0.231 0.262 0.255 0.239 0.239
0.037 0.28 0.568 0.619 0.579 0.513 0.468 0.468
0.012 0.202 0.269 0.379 0.287 0.27 0.258 0.258
0.032 0.317 0.299 0.342 0.493 0.392 0.334 0.334
0.047 0.312 0.291 0.225 0.269 0.346 0.261 0.261
0.1 0.393 0.395 0.495 0.386 0.421 0.381 0.381
0.016 0.293 0.317 0.292 0.367 0.297 0.283 0.283
0.016 0.424 0.452 0.307 0.383 0.438 0.362 0.362
0.04 0.416 0.402 0.341 0.302 0.264 0.312 0.312
0.076 0.58 0.364 0.22 0.367 0.293 0.325 0.325
0.131 0.966 0.577 0.487 0.485 0.371 0.517 0.517
0.026 0.425 0.487 0.768 0.987 0.567 0.589 0.589
0.047 0.346 0.418 0.351 0.552 0.811 0.452 0.452
0.03 0.219 0.205 0.237 0.182 0.213 0.193 0.193
0.064 0.8 0.91 0.881 0.661 0.459 0.673 0.673
0.004 0.563 0.307 0.607 0.34 0.345 0.395 0.395
0.008 0.258 0.451 0.829 0.574 0.794 0.539 0.539
0.041 0.215 0.571 0.561 0.429 0.232 0.367 0.367
0.132 0.58 0.567 0.495 0.577 0.52 0.495 0.495
0.148 0.649 0.635 0.554 0.645 0.582 0.554 0.554
0.067 0.294 0.287 0.251 0.292 0.263 0.251 0.251
0.092 0.406 0.397 0.347 0.404 0.364 0.347 0.347
0.039 0.172 0.168 0.147 0.171 0.154 0.147 0.147
0.062 0.271 0.265 0.232 0.27 0.243 0.232 0.232
