Celtic Sea Herring fishing mortality - harvest (units : f )
1	12	
1958	2009	
1	6	
1 
0.009 0.169 0.4 0.496 0.384 0.384
0.002 0.32 0.155 0.407 0.362 0.362
0.024 0.3 0.624 0.392 0.502 0.502
0.015 0.314 0.223 0.264 0.337 0.337
0.002 0.311 0.877 0.573 0.649 0.649
0.002 0.339 0.401 0.425 0.46 0.46
0.011 0.182 0.19 0.349 0.276 0.276
0 0.23 0.174 0.252 0.268 0.268
0.016 0.199 0.334 0.267 0.308 0.308
0.017 0.201 0.342 0.476 0.377 0.377
0.023 0.279 0.333 0.321 0.371 0.371
0.034 0.437 0.538 0.487 0.582 0.582
0.01 0.315 0.477 0.512 0.499 0.499
0.024 0.416 0.653 0.906 0.738 0.738
0.051 0.71 0.709 0.607 0.832 0.832
0.135 0.634 0.779 0.643 0.824 0.824
0.069 0.733 0.724 0.816 0.916 0.916
0.148 0.504 0.869 0.756 0.814 0.814
0.127 0.325 0.51 1.017 0.673 0.673
0.078 0.292 0.483 0.825 0.585 0.585
0.033 0.309 0.537 0.633 0.553 0.553
0.078 0.404 0.565 0.913 0.704 0.704
0.079 0.552 0.773 0.636 0.772 0.772
0.164 0.657 1.153 1.02 1.078 1.078
0.037 0.489 0.678 0.826 0.763 0.763
0.029 0.676 0.718 0.544 0.797 0.797
0.055 0.51 0.693 1.298 0.927 0.927
0.056 0.398 0.41 0.609 0.555 0.555
0.012 0.449 0.639 0.768 0.71 0.71
0.01 0.497 0.805 0.823 0.81 0.81
0.009 0.308 0.486 0.381 0.457 0.457
0.028 0.414 0.488 0.62 0.593 0.593
0.01 0.331 0.485 0.476 0.5 0.5
0.017 0.626 0.621 0.691 0.781 0.781
0.017 0.628 0.951 1.274 1.073 1.073
0.008 0.372 0.505 0.786 0.626 0.626
0.028 0.416 0.481 0.315 0.497 0.497
0.022 0.447 0.544 0.556 0.611 0.611
0.016 0.341 0.434 0.353 0.45 0.45
0.016 0.426 0.593 0.733 0.67 0.67
0.039 0.436 0.681 0.702 0.695 0.695
0.047 0.606 0.936 0.957 0.957 0.957
0.037 0.713 0.908 0.934 1.002 1.002
0.064 0.615 0.968 0.787 0.92 0.92
0.012 0.248 0.399 0.336 0.38 0.38
0.029 0.301 0.519 0.557 0.519 0.519
0.035 0.366 0.631 0.677 0.631 0.631
0.03 0.316 0.544 0.584 0.544 0.544
0.017 0.176 0.303 0.326 0.303 0.303
0.014 0.143 0.246 0.265 0.246 0.246
0.008 0.08 0.137 0.147 0.137 0.137
0.001163536 0.01190387 0.02046631 0.02201769 0.02046631 0.02046631
