Celtic Sea Herring stock numbers at age - stock.n (units : NA )
1	13	
1958	2008	
1	6	
1 
295674 27804 109932 68932 41209 180616
872952 107818 17402 60308 37992 119850
190690 320441 57996 12199 36316 50523
219996 68501 175899 25437 7456 52653
565338 79694 37084 115175 17674 46628
284233 207527 43241 12634 58733 26545
1081346 104391 109579 23708 7472 55596
339817 393427 64481 74183 15139 113737
698800 124979 231565 44357 52172 85997
714161 252952 75898 135785 30721 88816
839600 258309 153271 44120 76349 51842
444838 301787 144704 89909 28974 66979
215365 158150 144445 69195 49965 52583
857772 78461 85460 73373 37538 43823
264810 308204 38340 36400 26842 20413
291386 92537 112301 15449 17949 22719
129813 93642 36363 42175 7347 14684
144961 44569 33321 14432 16883 14048
175297 45987 19951 11444 6130 20867
169900 56818 24615 9808 3743 8961
134846 57785 31437 12437 3888 8259
238148 47982 31419 15041 5973 7826
148152 81055 23735 14627 5459 10125
405081 50361 34592 8973 7007 8541
671728 126419 19350 8940 2929 8788
743311 238215 57458 8046 3540 3686
572200 265588 89722 22946 4227 3230
516009 199194 118099 36734 5667 1519
537975 179450 99124 64160 18071 2603
976622 195492 84819 42826 26941 8748
393365 355804 88076 31044 17016 12268
475553 143369 193785 44365 19182 18411
429569 170150 70214 97368 21601 17662
180747 156458 90538 35411 54710 17342
959501 65382 61992 39844 16048 44408
330034 346931 25849 19609 10087 22651
702463 120478 177099 12768 8087 23165
683183 251378 58896 89669 8434 20072
341631 245839 119096 27995 46551 17897
372002 123659 129472 63208 17801 18661
241493 134615 59842 58557 27477 15440
491902 85465 64513 24785 26256 22516
434874 172685 34532 20716 8613 16118
401671 154206 62732 11405 7365 6537
479767 138663 61747 19514 4696 6835
105907 174464 80164 33924 12623 17139
257960 37863 95656 39075 17593 4808
760084 91655 19453 41686 17969 6220
265482 271355 49516 9244 21035 12007
585465 96045 168577 29933 6040 12045
360168 212473 61669 107869 20788 7442
