Catch in Numbers (thousands)
1 2
1957 2008
1 9
1
6496 74622 58086 25762 33979 19890 8885 1427 4423
15616 30980 145394 39070 24908 27630 17405 9857 7159
53092 67972 35263 116390 24946 17332 16999 7372 8595
3561 102124 60290 22781 48881 11631 10347 6346 4617
13081 45195 61619 33125 22501 12412 5345 4814 2582
55048 92805 22278 67454 44357 19759 24139 6147 7082
11796 78247 53455 11859 40517 26170 8687 13662 6088
26546 82611 70076 26680 7283 24227 18637 8797 15103
299483 19767 62642 59375 22265 5120 22891 18925 19531
211675 500853 33456 60502 40908 19344 5563 17811 27083
207947 27416 218689 37069 39246 29793 11770 5533 25799
220255 94438 20998 159122 13988 23582 15677 6377 10814
37706 92561 71907 23314 211243 21011 42762 26031 26207
238226 99014 253719 111897 27741 142399 21609 27073 24082
207711 335083 412816 302208 101957 25557 154424 16818 31999
534963 621496 175137 54205 66714 25716 10342 55763 16631
51170 235627 808267 131484 63071 54642 18242 6506 32223
309016 124944 151025 519178 82466 49683 34629 22470 21042
172879 202087 89066 63701 188202 30601 12297 13121 13698
69053 319604 101548 35502 25195 76289 10918 3914 12014
34836 47739 95834 22117 10083 12211 20992 2758 1486
22525 46284 20587 40692 6879 3833 2100 6278 1544
247 142 77 19 13 8 4 1 0
2692 279 95 51 13 9 8 1 0
36740 77961 105600 61341 21473 12623 11583 1309 1326
13304 250010 72179 93544 58452 23580 11516 13814 4027
81923 77810 92743 29262 42535 27318 14709 8437 8484
2207 188778 49828 35001 14948 11366 9300 4427 1959
40794 68845 148399 17214 15211 6631 6907 3323 2189
33768 154963 86072 118860 18836 18000 2578 1427 1971
19463 65954 45463 32025 50119 8429 7307 3508 5983
1708 119376 41735 28421 19761 28555 3252 2222 2360
6216 36763 109501 18923 18109 7589 15012 1622 3505
14294 40867 40779 74279 26520 13305 9878 21456 5522
26396 23013 25229 28212 37517 13533 7581 6892 4456
5253 24469 24922 23733 21817 33869 6351 4317 5511
17719 95288 18710 10978 13269 14801 19186 4711 3740
1728 36554 40193 6007 7433 8101 10515 12158 10206
266 82176 30398 21272 5376 4205 8805 7971 9787
1952 37854 30899 9219 7508 2501 4700 8458 31108
1193 55810 34966 31657 23118 17500 10331 5213 9883
9092 74167 34571 31905 22872 14372 8641 2825 3327
7635 35252 93910 25078 13364 7529 3251 1257 1089
3568.58 18161.91 17263.76 40673.54 12264.30 7120.78 3083.08 1451.93 455.93
142.98 81030.48 14942.91 9305.89 24482.25 9280.71 6624.96 4610.61 1000.53
992.20 38481.61 93975.06 9014.41 18113.71 28016.08 9040.10 1547.86 1422.68
56.12 33331.97 46865.58 53766.66 7462.99 4344.55 12818.38 9187.62 1407.96
0 6843.91 22223.20 27815.23 45782.43 3916.10 7641.76 8481.01 4008.01
182.5 9632.71 23236.71 20602.39 10237.93 9783.18 1014.997 1194.96 1430.76
132.46 6691.49 9186.07 13644.88 41067.79 27781.86 20972.98 3041.71 5088.99
130.75 34326 17754.83 6555.14 14264.99 30566.16 21517.07 13585.45 4242.6
0 7898.43 13039.08 5427.59 3219.52 5688.56 14832.27 8142.31 8968.6
