Natural Mortality (14/Mar/2017 22:48)
1   5
1980  2017
1  9
1
0.767005 0.384728 0.355633 0.338791 0.319385 0.313574 0.306805 0.306805 0.306805
0.767005 0.384728 0.355633 0.338791 0.319385 0.313574 0.306805 0.306805 0.306805
0.767005 0.384728 0.355633 0.338791 0.319385 0.313574 0.306805 0.306805 0.306805
0.767005 0.384728 0.355633 0.338791 0.319385 0.313574 0.306805 0.306805 0.306805
0.767005 0.384728 0.355633 0.338791 0.319385 0.313574 0.306805 0.306805 0.306805
0.767005 0.384728 0.355633 0.338791 0.319385 0.313574 0.306805 0.306805 0.306805
0.767005 0.384728 0.355633 0.338791 0.319385 0.313574 0.306805 0.306805 0.306805
0.767005 0.384728 0.355633 0.338791 0.319385 0.313574 0.306805 0.306805 0.306805
0.767005 0.384728 0.355633 0.338791 0.319385 0.313574 0.306805 0.306805 0.306805
0.767005 0.384728 0.355633 0.338791 0.319385 0.313574 0.306805 0.306805 0.306805
0.767005 0.384728 0.355633 0.338791 0.319385 0.313574 0.306805 0.306805 0.306805
0.767005 0.384728 0.355633 0.338791 0.319385 0.313574 0.306805 0.306805 0.306805
0.767005 0.384728 0.355633 0.338791 0.319385 0.313574 0.306805 0.306805 0.306805
0.767005 0.384728 0.355633 0.338791 0.319385 0.313574 0.306805 0.306805 0.306805
0.767005 0.384728 0.355633 0.338791 0.319385 0.313574 0.306805 0.306805 0.306805
0.767005 0.384728 0.355633 0.338791 0.319385 0.313574 0.306805 0.306805 0.306805
0.767005 0.384728 0.355633 0.338791 0.319385 0.313574 0.306805 0.306805 0.306805
0.767005 0.384728 0.355633 0.338791 0.319385 0.313574 0.306805 0.306805 0.306805
0.767005 0.384728 0.355633 0.338791 0.319385 0.313574 0.306805 0.306805 0.306805
0.767005 0.384728 0.355633 0.338791 0.319385 0.313574 0.306805 0.306805 0.306805
0.767005 0.384728 0.355633 0.338791 0.319385 0.313574 0.306805 0.306805 0.306805
0.767005 0.384728 0.355633 0.338791 0.319385 0.313574 0.306805 0.306805 0.306805
0.767005 0.384728 0.355633 0.338791 0.319385 0.313574 0.306805 0.306805 0.306805
0.767005 0.384728 0.355633 0.338791 0.319385 0.313574 0.306805 0.306805 0.306805
0.767005 0.384728 0.355633 0.338791 0.319385 0.313574 0.306805 0.306805 0.306805
0.767005 0.384728 0.355633 0.338791 0.319385 0.313574 0.306805 0.306805 0.306805
0.767005 0.384728 0.355633 0.338791 0.319385 0.313574 0.306805 0.306805 0.306805
0.767005 0.384728 0.355633 0.338791 0.319385 0.313574 0.306805 0.306805 0.306805
0.767005 0.384728 0.355633 0.338791 0.319385 0.313574 0.306805 0.306805 0.306805
0.767005 0.384728 0.355633 0.338791 0.319385 0.313574 0.306805 0.306805 0.306805
0.767005 0.384728 0.355633 0.338791 0.319385 0.313574 0.306805 0.306805 0.306805
0.767005 0.384728 0.355633 0.338791 0.319385 0.313574 0.306805 0.306805 0.306805
0.767005 0.384728 0.355633 0.338791 0.319385 0.313574 0.306805 0.306805 0.306805
0.767005 0.384728 0.355633 0.338791 0.319385 0.313574 0.306805 0.306805 0.306805
0.767005 0.384728 0.355633 0.338791 0.319385 0.313574 0.306805 0.306805 0.306805
0.767005 0.384728 0.355633 0.338791 0.319385 0.313574 0.306805 0.306805 0.306805
0.767005 0.384728 0.355633 0.338791 0.319385 0.313574 0.306805 0.306805 0.306805
0.767005 0.384728 0.355633 0.338791 0.319385 0.313574 0.306805 0.306805 0.306805