# Number of parameters = 24  Objective function value = 996.033  Maximum gradient component = 1.67131e-005
# logFpar:
 -1.38111 -0.978215 -0.209687 -2.35840 -0.944321 -0.421410 -8.38503 -9.78253
# logSdLogFsta:
 -0.682858 -1.26232
# logSdLogN:
 -0.826751 -1.36996
# logSdLogObs:
 0.176155 -1.54259 -1.16859 0.326337 -0.713321 0.415350 -0.651733 0.453836 -0.309171 0.136678 -0.306527
# rec_loga:
0.00000000000
# rec_logb:
0.00000000000
# rho:
0.977687254460
# logScaleSSB:
0.00000000000
# logPowSSB:
0.00000000000
# logSdSSB:
0.00000000000
# U:
 14.0624933210 14.2543984233 13.3651943523 12.5033528324 12.6386431442 11.9786627140 11.0805373550 9.22082272935 10.4193303513 -4.41197232811 -2.59751999312 -2.15806695589 -2.03273507656 -1.88167482364 -1.83515528015 -1.61544465510 -1.49683791435 14.5427825733 13.1443222021 13.9874530595 12.7272653797 12.0981297891 12.1094799914 11.4182800532 10.6440377195 10.3167456772 -3.90382635914 -2.30837142603 -1.87935310250 -1.74720723619 -1.59977935714 -1.55416096874 -1.32971059955 -1.20811804301 14.9055030922 13.8229760854 12.7765838670 13.5693859926 12.1109108331 11.6486596355 11.4282759723 10.6377693721 10.5409403036 -3.92755458686 -2.31153620827 -1.90226217208 -1.75994119028 -1.61667804040 -1.57593076833 -1.34785718332 -1.22567214754 14.5989004215 14.3315925440 13.4900572446 12.4910293172 12.9148542740 11.5039357970 11.1643311301 10.6589348336 10.4375110816 -4.43872635357 -2.58471390939 -2.19424646686 -2.05195690335 -1.90634047564 -1.87102478088 -1.64122968158 -1.51776729041 14.8955498008 13.6854045008 13.8986178464 13.1434586890 12.3454386781 12.2364161570 10.9464724383 10.6559288328 10.4398533922 -4.93667686478 -2.85869191140 -2.48255775886 -2.33606324818 -2.19448820664 -2.16242427371 -1.93165107342 -1.80331342050 15.0572732848 14.1676468610 12.7950768438 13.4971713245 12.8902742034 12.0084811917 12.0204958194 10.5932324407 10.8063885929 -4.41345219112 -2.56981856314 -2.19849179363 -2.04603768541 -1.91631585980 -1.87005355425 -1.64480397766 -1.50851094203 14.9928698650 14.3253673187 13.5711318446 12.1086963677 13.0364712874 12.5356178063 11.4697441211 11.5975126291 10.9331883832 -4.84494696050 -2.81951069067 -2.44253523324 -2.29020990201 -2.17293830424 -2.11565794233 -1.89440565838 -1.74842433146 14.6806580747 14.3198610961 13.8817696930 12.9264508492 11.6045994217 12.5972017785 12.1373160670 11.1224515016 11.6791676491 -4.87235865060 -2.84502161975 -2.46341111665 -2.30502498349 -2.20450071163 -2.13769987711 -1.91346026939 -1.76199812899 15.6521633815 13.4391010588 13.8099993870 13.4277261114 12.4484965659 11.2576931782 12.2234027337 11.7704466123 11.7894368550 -4.70829051769 -2.76608262903 -2.37558645063 -2.20654992289 -2.12285017886 -2.04878135773 -1.82172024468 -1.66891940228 14.6807712243 15.4395681038 13.0882991213 13.3408526559 12.7979083673 11.9794498974 11.0985876986 11.6828939412 12.0053505238 -4.14651833477 -2.44475226558 -2.05950750068 -1.88595270641 -1.81397515985 -1.72655598158 -1.50654550171 -1.35356915514 15.1070338582 13.3312499987 14.9825855569 12.8085980042 12.9034785888 12.4096365271 11.4403245187 10.7030887920 12.0012688713 -4.26554401961 -2.51424583259 -2.11620890326 -1.93951191146 -1.87391008785 -1.78129012249 -1.57057115039 -1.41289657074 15.2316669546 14.3474577225 12.7654857257 14.6874361436 12.2789588534 12.5074218664 11.8830260468 10.8675472440 11.6217013821 -4.60463142331 -2.69088512905 -2.28730672116 -2.11908364372 -2.05225889869 -1.95912497331 -1.75454206009 -1.59746320149 15.1822462354 14.4206888133 13.7381313907 12.3370686272 14.3326133862 11.9589343479 12.2345169903 11.5237213286 11.5967111963 -4.04142534835 -2.36255529653 -1.94488363367 -1.79027685290 -1.71556046174 -1.62349873922 -1.42368978084 -1.26572473003 15.4540220305 14.2983077670 14.2550698815 13.3778895367 11.9714929471 13.7849079694 11.4812675397 11.6073690936 11.5551420239 -3.48187103515 -2.02661760055 -1.59668196287 -1.46037799536 -1.38537846227 -1.29247718261 -1.10220500142 -0.945197627258 15.8364727727 14.5834244796 13.9903010045 13.7992512916 12.8159711090 11.4752588923 13.2863844604 10.8279954525 11.5135857007 -2.70396503594 -1.55775191950 -1.12904474861 -1.00946352559 -0.932164651045 -0.833264975245 -0.657808311281 -0.498378925044 15.2212141266 15.3617072146 13.9185334456 12.9453381657 12.9223703989 12.0173251945 10.7992143457 12.6412442405 11.0630507150 -3.26143531440 -1.83955636555 -1.42864544387 -1.31705666571 -1.23239293075 -1.12355943192 -0.959250261227 -0.798179854211 14.6826863947 14.3169881971 15.0042060205 13.2858948925 12.4408870582 12.3316883746 11.4433590681 10.0782577145 12.2453840713 -2.85609724098 -1.58188635036 -1.18460048408 -1.06939621168 -0.984694012993 -0.866618142766 -0.720290966347 -0.554097163359 14.7914478989 13.6616313852 13.5235595752 14.3132898888 12.5488500104 11.8025307220 11.6288052355 10.9024475165 11.6312753581 -2.38601745631 -1.29221471811 -0.910182563744 -0.786899046085 -0.701758227785 -0.573298780237 -0.438060228230 -0.271373059003 14.8573303535 13.9176089755 12.9621668553 12.6925567203 13.3671295841 11.6094001879 10.7603697310 10.7445825177 11.2126003109 -2.41942574802 -1.27964363510 -0.914204593836 -0.789638420750 -0.702631240995 -0.567757835257 -0.434472697186 -0.266762321422 14.4689312943 14.1518333637 13.1302128555 12.2332776603 11.9587067261 12.4295900472 10.6115025391 9.74958196228 10.7464798339 -2.48838803088 -1.29113616855 -0.936822395862 -0.809153556205 -0.724998113178 -0.584362716785 -0.450157409547 -0.283917613377 14.4263529618 13.5125110243 13.3420746325 12.2583916863 11.5078497411 11.2544221328 11.4629950172 9.60313436303 9.93615630010 -3.40564192658 -1.78633767098 -1.43605202320 -1.30252336692 -1.22041629156 -1.07713500600 -0.941158859127 -0.780144112912 14.5477708880 13.5738970879 12.8968200767 12.6305596407 11.6466490776 10.9291997706 10.5063039132 10.6812236671 9.78474605871 -4.09405936587 -2.15260373477 -1.80713602904 -1.66477800264 -1.58795749767 -1.44720162013 -1.30469872310 -1.14283711497 14.4831593680 13.8128980075 12.7554389632 12.4112153595 11.7255210430 11.1707163859 10.5495008663 10.0702833653 10.3158324647 -5.11133131115 -2.71042057985 -2.35914787898 -2.21913507750 -2.13758124140 -1.99645386402 -1.84502203281 -1.69150082043 14.5403470569 13.6818895466 13.4970415939 12.4326640484 12.1020711303 11.2400065125 10.6538950550 10.0817958138 10.3432217075 -4.88368846844 -2.56888922967 -2.20227626547 -2.07356069835 -1.98198351429 -1.85217083849 -1.69299314542 -1.54672147109 14.8494508501 13.7113275604 13.5964575415 13.1492033934 12.0977150068 11.6350766403 11.0115236698 9.92403055145 10.2489652242 -3.90121775174 -1.99440150267 -1.62411893407 -1.50610655698 -1.40889122077 -1.27801694541 -1.12515934187 -0.983504809533 14.6860616928 14.2228186183 13.0691251292 13.1482166028 12.6189422964 11.6319579909 10.9402553401 10.5775925673 10.0429978451 -3.39642215596 -1.68991908633 -1.32004195993 -1.20846891352 -1.10372294591 -0.974712043618 -0.824415582102 -0.681529781133 15.1899811653 13.7223892749 13.4786363830 12.4031861049 12.5136417131 11.9406472763 10.9932435479 10.2489083036 10.2980257309 -3.32961500460 -1.64294768759 -1.26248866559 -1.16135289867 -1.04827175604 -0.920029227560 -0.767625868228 -0.627879602557 14.8297493783 14.6857367779 13.1175232796 12.7332942511 11.7451021641 11.7518733076 11.1407283569 10.1240222314 10.0410867221 -4.04254478665 -2.03035053159 -1.64180061108 -1.55108794879 -1.43360071572 -1.30537315569 -1.15309592339 -1.01766633073 15.0631815630 13.9312748961 14.3289032294 12.4609248702 12.1380167738 11.2381904106 11.1801687951 10.5131724165 9.94683660435 -4.35820438070 -2.20238612282 -1.80530745942 -1.72111170259 -1.59876873398 -1.46966087214 -1.31823035563 -1.19013991232 14.9852428454 14.3663081107 13.5382185541 13.9580265435 12.0960504972 11.7227209399 10.6652810854 10.4807996047 10.0666933546 -4.25023353350 -2.13007888963 -1.73003880654 -1.64541679497 -1.52120441281 -1.39777097115 -1.24929134493 -1.12949018973 15.2431933722 14.0868075367 13.8157034565 13.1362402619 13.5874756860 11.6662276111 11.1840622096 10.2493620296 10.5526645609 -4.18584555403 -2.08641547215 -1.68158126144 -1.59560884546 -1.47075130610 -1.35367149138 -1.19928933866 -1.08295167958 14.6834658613 14.7518797147 13.7157756399 13.3616805437 12.7546628733 13.0871492537 11.0902270603 10.3693268810 10.2382199587 -4.96666160880 -2.51130137191 -2.10228168615 -2.01656839750 -1.89647909401 -1.78505296710 -1.63242933331 -1.52598501917 14.7592938785 13.7818296775 14.6819868113 13.2785665157 12.9373477759 12.3773928484 12.5453663269 10.5712675972 10.4681712009 -5.36393013591 -2.72057869605 -2.31222296043 -2.22780730293 -2.11262639194 -2.01133347869 -1.85548496035 -1.75486105110 14.8241120584 13.9909337099 13.4843154462 14.5416096087 13.0243287951 12.5847058534 12.1669914999 11.9914660860 10.6528743382 -5.21978008927 -2.62021593390 -2.21776432171 -2.13069762142 -2.02418980081 -1.92881296621 -1.78032161794 -1.68753889029 14.8380352608 14.0514222082 13.6537033184 13.2982214840 14.2333735052 12.6882768964 12.2310504314 11.8528879783 11.6090387520 -5.63943814672 -2.83250541977 -2.43612408711 -2.35321464631 -2.25231276925 -2.16023822431 -2.01989443079 -1.94110640884 15.1386443580 13.8897093502 13.7163541035 13.3885310331 13.0980105699 13.8570138504 12.1422056161 11.7131372488 11.7723975665 -5.84623623035 -2.92056060622 -2.52704702133 -2.44804372714 -2.36026357112 -2.27090745586 -2.13808367420 -2.07409647486 15.1241285170 14.5056719239 13.4393861300 13.4287674566 13.0885579156 12.8898697245 13.4656433674 11.8360828370 11.8391455181 -5.82455727538 -2.87434863511 -2.49508900519 -2.41820023264 -2.33597977574 -2.26111394526 -2.12073094329 -2.07777158792 15.2815824178 14.3862741963 13.9056316501 12.8946257452 12.9034474333 12.6091333244 12.4785839875 12.7978177283 12.0074198480 -5.94492526731 -2.91523939767 -2.53694817682 -2.46877116343 -2.38763327371 -2.32187342516 -2.19035195381 -2.15009848645 14.9153613641 14.6475492481 13.7593903616 13.2152231450 12.5246225464 12.3889652030 12.1437072337 12.1466855713 12.5135014725 -5.90320591914 -2.87121770390 -2.48800819549 -2.42025926941 -2.34615302365 -2.28683995593 -2.15885457235 -2.14021918261 15.0546014463 14.0572029358 14.0714838386 13.1135065231 12.4172060131 12.0197046705 11.7455931867 11.8220170640 12.4383052807 -5.62163834563 -2.70211049479 -2.31173016446 -2.24357786476 -2.18058641169 -2.12376744253 -1.99045405634 -1.99835895447 15.2476739407 14.3239529620 13.5378940877 13.4138635548 12.5852043868 12.0171216955 11.4827656837 11.2086250866 11.8287548462 -5.18913814557 -2.44531173161 -2.05082862413 -1.98125116284 -1.92102506739 -1.88098023567 -1.73545701235 -1.78562756599 15.0504893279 14.6040870606 13.9123269227 13.2570073002 12.9575981999 12.0555007065 11.3775961842 10.7209650259 11.3031742820 -5.22849573611 -2.45325452182 -2.04624999940 -1.98341864151 -1.93127263522 -1.91020673821 -1.75987853792 -1.83413319988 14.8586528065 14.2157717039 14.4145295754 13.5388995936 12.8084339898 12.5508501979 11.4650478142 10.7307882236 10.9751483924 -6.22005645055 -2.99247104355 -2.57496050381 -2.52225555498 -2.47683486129 -2.47781070930 -2.32383108892 -2.40972628601 15.3192236261 13.7959376122 13.3884302377 13.8862957218 13.0236547750 12.4653757117 12.7970755651 11.2931069001 11.2071901693 -5.74030456950 -2.71955819070 -2.28979338954 -2.24209013784 -2.19302670008 -2.20337742533 -2.04543786362 -2.13864270609 15.1937222866 14.7681430109 13.3024843045 12.9353767865 13.4258703001 12.6168249630 12.0955622269 12.3375699568 11.5236415588 -5.91068785054 -2.80596340586 -2.36430539922 -2.32862951682 -2.27316362359 -2.29334550107 -2.15670619239 -2.23559572709 15.0972861571 14.3867033478 14.3669241459 12.7504764482 12.7520233450 13.0748113761 12.1933859070 11.6230193826 11.9834302625 -5.95457832397 -2.82402395128 -2.36805098818 -2.33446434896 -2.27370754091 -2.30848948848 -2.19236847918 -2.27647651691 15.1066631253 14.3480311539 14.2368065862 14.0852068361 12.3936539493 12.4938470688 12.6117238937 12.0427610696 11.8558706304 -6.24243613676 -2.97637060292 -2.51157497022 -2.48178446449 -2.42403478910 -2.46915461994 -2.36045604289 -2.46323502544 15.0914032691 14.3283459180 13.9796753500 13.9183341928 13.7302954797 12.0023573813 12.2135890390 12.1207027978 11.9922245076 -6.46658974145 -3.08521614046 -2.62471056553 -2.59117370987 -2.53808707137 -2.59595219189 -2.48891751803 -2.62134074500 14.8736584574 14.3354335213 13.9947421741 13.8276478081 13.5292140225 13.0557462343 11.4591511921 11.5962610768 11.7922141649 -6.59268744792 -3.13858546814 -2.66777020209 -2.64409235756 -2.59794808879 -2.66674812922 -2.56789078783 -2.72367279963 14.7954541413 14.0478265388 13.7283382157 13.5250942540 13.7824855285 13.4094425322 12.9171907154 11.1526157318 11.8609658029 -6.81900068741 -3.25882543322 -2.78150846253 -2.75024360500 -2.70618046482 -2.77761120680 -2.70268195524 -2.86689935788 14.5313070681 14.1475402964 13.8396317822 13.2514131990 13.1152700159 13.4898026785 13.0655968066 12.5968004984 11.6677761956 -6.86111647558 -3.26559910577 -2.79415721769 -2.76010019245 -2.71944932089 -2.78987781716 -2.73737613243 -2.90842752292 14.6481721023 13.7244899352 13.7731091859 13.5723087099 12.8734352018 12.7570375316 13.2071922467 12.7418079883 12.6043682522 -7.51902441163 -3.63364115718 -3.16314975918 -3.11978163388 -3.08323268242 -3.15035906353 -3.11783343964 -3.29622500659 14.8692248740 13.8877584535 13.3304371204 13.4600674477 13.1418875101 12.5434724717 12.4547534875 12.9689789366 12.9593797012 -7.44794905351 -3.59540087307 -3.12407042099 -3.07875058620 -3.03820211942 -3.10102303593 -3.08537775409 -3.27328362290 15.1508898418 14.0313841372 13.5494783362 12.8831208561 12.9472935634 12.5541990934 12.0621389644 12.0361590170 13.0034351530 -7.17509948988 -3.44257198854 -2.97107556308 -2.92609771571 -2.87985936045 -2.93860146018 -2.93726255894 -3.12789963712 14.7798682121 14.5683399467 13.5476571094 13.1216736759 12.5030478839 12.4016389032 11.9649382681 11.6599541438 12.5767990470 -7.46753680235 -3.60424616099 -3.13565050711 -3.08411635167 -3.03935996959 -3.09100567137 -3.09772298883 -3.29158119637 14.3767102869 14.0637688502 14.3793201131 13.0481033409 12.5775919335 12.1282476361 11.8494674990 11.1980181942 12.1030255259 -7.67405887107 -3.72216221258 -3.24752135077 -3.19385452357 -3.14876704112 -3.19241607379 -3.20959068282 -3.40204278620 13.8078313179 13.5227909595 13.4859716784 14.1385942795 12.6268814765 12.0657481107 11.6872314185 11.3743100496 11.7235314509 -7.27632744207 -3.49974631458 -3.01968136192 -2.95428191407 -2.91234569677 -2.95280458950 -2.97472917234 -3.15542965988 13.6647529598 12.9900399882 13.1679795663 13.2713293755 13.8512892443 12.2695812213 11.4620582499 11.2021348612 11.4380412709 -7.24865455837 -3.48560391482 -2.99435429287 -2.93007185639 -2.88652224359 -2.93153412170 -2.95500109025 -3.13153764279
