Proportion mature at age 3/16/2011    13:56
       1       6
  1947    2010
       0   9
       1
  0.0000  0.0000  1.0000  1.0000  1.0000  1.0000  1.0000  1.0000  1.0000     NA   #1947
  0.0000  0.0000  1.0000  1.0000  1.0000  1.0000  1.0000  1.0000  1.0000     NA   #1948
  0.0000  0.0000  1.0000  1.0000  1.0000  1.0000  1.0000  1.0000  1.0000     NA   #1949
  0.0000  0.0000  1.0000  1.0000  1.0000  1.0000  1.0000  1.0000  1.0000     NA   #1950
  0.0000  0.0000  1.0000  1.0000  1.0000  1.0000  1.0000  1.0000  1.0000     NA   #1951
  0.0000  0.0000  1.0000  1.0000  1.0000  1.0000  1.0000  1.0000  1.0000     NA   #1952
  0.0000  0.0000  1.0000  1.0000  1.0000  1.0000  1.0000  1.0000  1.0000     NA   #1953
  0.0000  0.0000  1.0000  1.0000  1.0000  1.0000  1.0000  1.0000  1.0000     NA   #1954
  0.0000  0.0000  1.0000  1.0000  1.0000  1.0000  1.0000  1.0000  1.0000     NA   #1955
  0.0000  0.0000  1.0000  1.0000  1.0000  1.0000  1.0000  1.0000  1.0000     NA   #1956
  0.0000  0.0000  1.0000  1.0000  1.0000  1.0000  1.0000  1.0000  1.0000     NA   #1957
  0.0000  0.0000  1.0000  1.0000  1.0000  1.0000  1.0000  1.0000  1.0000     NA   #1958
  0.0000  0.0000  1.0000  1.0000  1.0000  1.0000  1.0000  1.0000  1.0000     NA   #1959       
       0       0       1        1        1       1       1       1       1       1
       0       0       1        1        1       1       1       1       1       1
       0       0       1        1        1       1       1       1       1       1
       0       0       1        1        1       1       1       1       1       1
       0       0       1        1        1       1       1       1       1       1
       0       0       1        1        1       1       1       1       1       1
       0       0       1        1        1       1       1       1       1       1
       0       0       1        1        1       1       1       1       1       1
       0       0       1        1        1       1       1       1       1       1
       0       0       1        1        1       1       1       1       1       1
       0       0       1        1        1       1       1       1       1       1
       0       0       1        1        1       1       1       1       1       1
       0       0    0.82        1        1       1       1       1       1       1
       0       0    0.82        1        1       1       1       1       1       1
       0       0    0.82        1        1       1       1       1       1       1
       0       0    0.82        1        1       1       1       1       1       1
       0       0    0.82        1        1       1       1       1       1       1
       0       0    0.82        1        1       1       1       1       1       1
       0       0    0.82        1        1       1       1       1       1       1
       0       0    0.82        1        1       1       1       1       1       1
       0       0    0.82        1        1       1       1       1       1       1
       0       0    0.82        1        1       1       1       1       1       1
       0       0    0.82        1        1       1       1       1       1       1
       0       0    0.82        1        1       1       1       1       1       1
       0       0    0.82        1        1       1       1       1       1       1
       0       0     0.7        1        1       1       1       1       1       1
       0       0    0.75        1        1       1       1       1       1       1
       0       0     0.8        1        1       1       1       1       1       1
       0       0    0.85     0.93        1       1       1       1       1       1
       0       0    0.82     0.94        1       1       1       1       1       1
       0       0    0.91     0.97        1       1       1       1       1       1
       0       0    0.86     0.99        1       1       1       1       1       1
       0       0     0.5     0.99        1       1       1       1       1       1
       0       0    0.47     0.61        1       1       1       1       1       1
       0       0    0.73     0.93        1       1       1       1       1       1
       0       0    0.67     0.95        1       1       1       1       1       1
       0       0    0.61     0.98        1       1       1       1       1       1
       0       0    0.64     0.94        1       1       1       1       1       1
       0       0    0.64     0.89        1       1       1       1       1       1
       0       0    0.69     0.91        1       1       1       1       1       1
       0       0    0.67     0.96        1       1       1       1       1       1
       0       0    0.77     0.92        1       1       1       1       1       1
       0       0    0.87     0.97        1       1       1       1       1       1
       0       0    0.43     0.93        1       1       1       1       1       1
       0       0    0.70     0.65        1       1       1       1       1       1
       0       0    0.76     0.96        0.96    1       1       1       1       1
       0       0    0.66     0.88        0.98    1       1       1       1       1
       0       0    0.71     0.92        0.93    1       1       1       1       1
       0       0    0.86     0.98        0.99    1       1       1       1       1
       0       0    0.89        1        1       1       1       1       1       1
       0       0    0.45     0.90        1       1       1       1       1       1

