Natural Mortality                3/14/2006   11:52
       1       5
  1960    2009
       0   9
       1
       1       1     0.3     0.2       0.1     0.1     0.1     0.1     0.1     0.1
       1       1     0.3     0.2       0.1     0.1     0.1     0.1     0.1     0.1
       1       1     0.3     0.2       0.1     0.1     0.1     0.1     0.1     0.1
       1       1     0.3     0.2       0.1     0.1     0.1     0.1     0.1     0.1
       1       1     0.3     0.2       0.1     0.1     0.1     0.1     0.1     0.1
       1       1     0.3     0.2       0.1     0.1     0.1     0.1     0.1     0.1
       1       1     0.3     0.2       0.1     0.1     0.1     0.1     0.1     0.1
       1       1     0.3     0.2       0.1     0.1     0.1     0.1     0.1     0.1
       1       1     0.3     0.2       0.1     0.1     0.1     0.1     0.1     0.1
       1       1     0.3     0.2       0.1     0.1     0.1     0.1     0.1     0.1
       1       1     0.3     0.2       0.1     0.1     0.1     0.1     0.1     0.1
       1       1     0.3     0.2       0.1     0.1     0.1     0.1     0.1     0.1
       1       1     0.3     0.2       0.1     0.1     0.1     0.1     0.1     0.1
       1       1     0.3     0.2       0.1     0.1     0.1     0.1     0.1     0.1
       1       1     0.3     0.2       0.1     0.1     0.1     0.1     0.1     0.1
       1       1     0.3     0.2       0.1     0.1     0.1     0.1     0.1     0.1
       1       1     0.3     0.2       0.1     0.1     0.1     0.1     0.1     0.1
       1       1     0.3     0.2       0.1     0.1     0.1     0.1     0.1     0.1
       1       1     0.3     0.2       0.1     0.1     0.1     0.1     0.1     0.1
       1       1     0.3     0.2       0.1     0.1     0.1     0.1     0.1     0.1
       1       1     0.3     0.2       0.1     0.1     0.1     0.1     0.1     0.1
       1       1     0.3     0.2       0.1     0.1     0.1     0.1     0.1     0.1
       1       1     0.3     0.2       0.1     0.1     0.1     0.1     0.1     0.1
       1       1     0.3     0.2       0.1     0.1     0.1     0.1     0.1     0.1
       1       1     0.3     0.2       0.1     0.1     0.1     0.1     0.1     0.1
       1       1     0.3     0.2       0.1     0.1     0.1     0.1     0.1     0.1
       1       1     0.3     0.2       0.1     0.1     0.1     0.1     0.1     0.1
       1       1     0.3     0.2       0.1     0.1     0.1     0.1     0.1     0.1
       1       1     0.3     0.2       0.1     0.1     0.1     0.1     0.1     0.1
       1       1     0.3     0.2       0.1     0.1     0.1     0.1     0.1     0.1
       1       1     0.3     0.2       0.1     0.1     0.1     0.1     0.1     0.1
       1       1     0.3     0.2       0.1     0.1     0.1     0.1     0.1     0.1
       1       1     0.3     0.2       0.1     0.1     0.1     0.1     0.1     0.1
       1       1     0.3     0.2       0.1     0.1     0.1     0.1     0.1     0.1
       1       1     0.3     0.2       0.1     0.1     0.1     0.1     0.1     0.1
       1       1     0.3     0.2       0.1     0.1     0.1     0.1     0.1     0.1
       1       1     0.3     0.2       0.1     0.1     0.1     0.1     0.1     0.1
       1       1     0.3     0.2       0.1     0.1     0.1     0.1     0.1     0.1
       1       1     0.3     0.2       0.1     0.1     0.1     0.1     0.1     0.1
       1       1     0.3     0.2       0.1     0.1     0.1     0.1     0.1     0.1
       1       1     0.3     0.2       0.1     0.1     0.1     0.1     0.1     0.1
       1       1     0.3     0.2       0.1     0.1     0.1     0.1     0.1     0.1
       1       1     0.3     0.2       0.1     0.1     0.1     0.1     0.1     0.1
       1       1     0.3     0.2       0.1     0.1     0.1     0.1     0.1     0.1
       1       1     0.3     0.2       0.1     0.1     0.1     0.1     0.1     0.1
       1       1     0.3     0.2       0.1     0.1     0.1     0.1     0.1     0.1
       1       1     0.3     0.2       0.1     0.1     0.1     0.1     0.1     0.1
       1       1     0.3     0.2       0.1     0.1     0.1     0.1     0.1     0.1
       1       1     0.3     0.2       0.1     0.1     0.1     0.1     0.1     0.1
       1       1     0.3     0.2       0.1     0.1     0.1     0.1     0.1     0.1

