Spawning component abundance index
1	172	2
"Year" "VPA" "SCAI"
1972 1 3312.3482001659
1973 1 3252.53582683178
1974 1 2200.83650988924
1975 1 1380.48224220797
1976 1 1229.62050080171
1977 1 1632.13918211684
1978 1 2132.71772465202
1979 1 3202.20583492118
1980 1 3491.71761043765
1981 1 3951.31914102911
1982 1 5020.32599309673
1983 1 7736.88107161404
1984 1 12097.7173102293
1985 1 15119.3461096421
1986 1 14562.9653788231
1987 1 18389.7012008584
1988 1 25922.5541656545
1989 1 21850.1999477752
1990 1 20306.251810855
1991 1 13913.3547490332
1992 1 7457.18702570753
1993 1 5050.76099589724
1994 1 4437.82538974124
1995 1 5556.76021114873
1996 1 7010.28722074888
1997 1 9839.28586114533
1998 1 13106.1539315673
1999 1 14233.5366408533
2000 1 16328.2369386559
2001 1 21504.6537440776
2002 1 25973.2916133459
2003 1 33257.319715451
2004 1 36517.6983592653
2005 1 31916.7762752025
2006 1 29525.1993915973
2007 1 30702.892583313
2008 1 37389.6483023284
2009 1 46676.2173437608
2010 1 47224.162823604
2011 1 49873.9224268579
2012 1 58610.2025822477
2013 1 61592.8072364173
2014 1 59946.7637112777
1972 1 3312.3482001659
1973 1 3252.53582683178
1974 1 2200.83650988924
1975 1 1380.48224220797
1976 1 1229.62050080171
1977 1 1632.13918211684
1978 1 2132.71772465202
1979 1 3202.20583492118
1980 1 3491.71761043765
1981 1 3951.31914102911
1982 1 5020.32599309673
1983 1 7736.88107161404
1984 1 12097.7173102293
1985 1 15119.3461096421
1986 1 14562.9653788231
1987 1 18389.7012008584
1988 1 25922.5541656545
1989 1 21850.1999477752
1990 1 20306.251810855
1991 1 13913.3547490332
1992 1 7457.18702570753
1993 1 5050.76099589724
1994 1 4437.82538974124
1995 1 5556.76021114873
1996 1 7010.28722074888
1997 1 9839.28586114533
1998 1 13106.1539315673
1999 1 14233.5366408533
2000 1 16328.2369386559
2001 1 21504.6537440776
2002 1 25973.2916133459
2003 1 33257.319715451
2004 1 36517.6983592653
2005 1 31916.7762752025
2006 1 29525.1993915973
2007 1 30702.892583313
2008 1 37389.6483023284
2009 1 46676.2173437608
2010 1 47224.162823604
2011 1 49873.9224268579
2012 1 58610.2025822477
2013 1 61592.8072364173
2014 1 59946.7637112777
1972 1 3312.3482001659
1973 1 3252.53582683178
1974 1 2200.83650988924
1975 1 1380.48224220797
1976 1 1229.62050080171
1977 1 1632.13918211684
1978 1 2132.71772465202
1979 1 3202.20583492118
1980 1 3491.71761043765
1981 1 3951.31914102911
1982 1 5020.32599309673
1983 1 7736.88107161404
1984 1 12097.7173102293
1985 1 15119.3461096421
1986 1 14562.9653788231
1987 1 18389.7012008584
1988 1 25922.5541656545
1989 1 21850.1999477752
1990 1 20306.251810855
1991 1 13913.3547490332
1992 1 7457.18702570753
1993 1 5050.76099589724
1994 1 4437.82538974124
1995 1 5556.76021114873
1996 1 7010.28722074888
1997 1 9839.28586114533
1998 1 13106.1539315673
1999 1 14233.5366408533
2000 1 16328.2369386559
2001 1 21504.6537440776
2002 1 25973.2916133459
2003 1 33257.319715451
2004 1 36517.6983592653
2005 1 31916.7762752025
2006 1 29525.1993915973
2007 1 30702.892583313
2008 1 37389.6483023284
2009 1 46676.2173437608
2010 1 47224.162823604
2011 1 49873.9224268579
2012 1 58610.2025822477
2013 1 61592.8072364173
2014 1 59946.7637112777
1972 1 3312.3482001659
1973 1 3252.53582683178
1974 1 2200.83650988924
1975 1 1380.48224220797
1976 1 1229.62050080171
1977 1 1632.13918211684
1978 1 2132.71772465202
1979 1 3202.20583492118
1980 1 3491.71761043765
1981 1 3951.31914102911
1982 1 5020.32599309673
1983 1 7736.88107161404
1984 1 12097.7173102293
1985 1 15119.3461096421
1986 1 14562.9653788231
1987 1 18389.7012008584
1988 1 25922.5541656545
1989 1 21850.1999477752
1990 1 20306.251810855
1991 1 13913.3547490332
1992 1 7457.18702570753
1993 1 5050.76099589724
1994 1 4437.82538974124
1995 1 5556.76021114873
1996 1 7010.28722074888
1997 1 9839.28586114533
1998 1 13106.1539315673
1999 1 14233.5366408533
2000 1 16328.2369386559
2001 1 21504.6537440776
2002 1 25973.2916133459
2003 1 33257.319715451
2004 1 36517.6983592653
2005 1 31916.7762752025
2006 1 29525.1993915973
2007 1 30702.892583313
2008 1 37389.6483023284
2009 1 46676.2173437608
2010 1 47224.162823604
2011 1 49873.9224268579
2012 1 58610.2025822477
2013 1 61592.8072364173
2014 1 59946.7637112777
