SSB: MLAI1: MLAI < 10 mm
 1     35     2
'YEAR'     'VPA'     'MLAI'
  1973     1     13.182
  1974     1     7.943
  1975     1     2.819
  1976     1     2.494
  1977     1     6.151
  1978     1     7.427
  1979     1     14.363
  1980     1     9.771
  1981     1     14.337
  1982     1     20.891
  1983     1     26.804
  1984     1     48.367
  1985     1     73.818
  1986     1     38.444
  1987     1     67.690
  1988     1     134.382
  1989     1     131.732
  1990     1     171.592
  1991     1     90.332
  1992     1     42.147
  1993     1     30.069
  1994     1     20.798
  1995     1     22.353
  1996     1     43.982
  1997     1     56.462
  1998     1     72.912
  1999     1     60.531
  2000     1     40.441
  2001     1     129.562
  2002     1     109.899
  2003     1     267.813
  2004     1     321.658
  2005     1     192.266
  2006     1     117.856
  2007     1     173.003
