NEA Mackerel  EGG PROD. SSB
1 36 2
'YEAR' 'VPA' 'INDEX1'
1972   1          0
1973   1          0
1974   1          0
1975   1          0
1976   1          0
1977   1          0
1978   1          0
1979   1          0
1980   1          0
1981   1          0
1982   1          0
1983   1          0
1984   1          0
1985   1          0
1986   1          0
1987   1          0
1988   1          0
1989   1          0
1990   1          0
1991   1          0
1992   1    3370000
1993   1          0
1994   1          0
1995   1    2840000
1996   1          0
1997   1          0
1998   1    3750000
1999   1          0
2000   1          0
2001   1    2900000
2002   1          0
2003   1          0
2004   1    2750000
2005   1          0
2006   1          0
2007   1    3260000
2008   1          0
2009   1          0
2010   1    4133000
