Mean Weight in Catch (kilograms)
1 3
1972 2008
0 12
1
0.052   0.135   0.277   0.341   0.423   0.000   0.000   0.000   0.000   0.000   0.000   0.000   0.000
0.050   0.145   0.194   0.285   0.368   0.448   0.000   0.000   0.000   0.000   0.000   0.000   0.000
0.051   0.136   0.229   0.261   0.334   0.392   0.481   0.000   0.000   0.000   0.000   0.000   0.000
0.050   0.148   0.177   0.259   0.323   0.348   0.430   0.488   0.000   0.000   0.000   0.000   0.000
0.059   0.137   0.207   0.263   0.320   0.346   0.406   0.443   0.518   0.000   0.000   0.000   0.000
0.056   0.136   0.169   0.275   0.333   0.352   0.407   0.446   0.546   0.537   0.000   0.000   0.000
0.036   0.135   0.161   0.250   0.325   0.345   0.403   0.421   0.518   0.536   0.529   0.000   0.000
0.016   0.137   0.161   0.243   0.318   0.348   0.401   0.416   0.506   0.513   0.537   0.522   0.000
0.057   0.131   0.249   0.285   0.345   0.378   0.454   0.498   0.520   0.542   0.574   0.590   0.580
0.060   0.132   0.248   0.287   0.344   0.377   0.454   0.499   0.513   0.543   0.573   0.576   0.584
0.053   0.131   0.249   0.285   0.345   0.378   0.454   0.496   0.513   0.541   0.574   0.574   0.582
0.050   0.168   0.219   0.276   0.310   0.386   0.425   0.435   0.498   0.545   0.606   0.608   0.614
0.031   0.102   0.184   0.295   0.326   0.344   0.431   0.542   0.480   0.569   0.628   0.636   0.663
0.055   0.144   0.262   0.357   0.418   0.417   0.436   0.521   0.555   0.564   0.629   0.679   0.710
0.039   0.146   0.245   0.335   0.423   0.471   0.444   0.457   0.543   0.591   0.552   0.694   0.688
0.076   0.179   0.223   0.318   0.399   0.474   0.512   0.493   0.498   0.580   0.634   0.635   0.718
0.055   0.133   0.259   0.323   0.388   0.456   0.524   0.555   0.555   0.562   0.613   0.624   0.697
0.049   0.136   0.237   0.320   0.377   0.433   0.456   0.543   0.592   0.578   0.581   0.648   0.739
0.085   0.156   0.233   0.336   0.379   0.423   0.467   0.528   0.552   0.606   0.606   0.591   0.713
0.068   0.156   0.253   0.327   0.394   0.423   0.469   0.506   0.554   0.609   0.630   0.649   0.708
0.051   0.167   0.239   0.333   0.397   0.460   0.495   0.532   0.555   0.597   0.651   0.663   0.669
0.061   0.134   0.240   0.317   0.376   0.436   0.483   0.527   0.548   0.583   0.595   0.647   0.679
0.046   0.136   0.255   0.339   0.390   0.448   0.512   0.543   0.590   0.583   0.627   0.678   0.713
0.072   0.143   0.234   0.333   0.390   0.452   0.501   0.539   0.577   0.594   0.606   0.631   0.672
0.058   0.143   0.226   0.313   0.377   0.425   0.484   0.518   0.551   0.576   0.596   0.603   0.670
0.076   0.143   0.230   0.295   0.359   0.415   0.453   0.481   0.524   0.553   0.577   0.591   0.636
0.065   0.157   0.227   0.310   0.354   0.408   0.452   0.462   0.518   0.550   0.573   0.591   0.631
0.062   0.176   0.235   0.306   0.361   0.404   0.452   0.500   0.536   0.569   0.586   0.607   0.687
0.063   0.135   0.227   0.306   0.363   0.427   0.463   0.501   0.534   0.567   0.586   0.594   0.644
0.069   0.172   0.224   0.305   0.376   0.424   0.474   0.496   0.540   0.577   0.603   0.611   0.666
0.052   0.160   0.256   0.307   0.367   0.425   0.460   0.512   0.537   0.580   0.601   0.629   0.665
0.081   0.171   0.271   0.338   0.387   0.439   0.477   0.523   0.572   0.612   0.631   0.648   0.715
0.086   0.160   0.267   0.326   0.402   0.422   0.488   0.523   0.557   0.575   0.598   0.633   0.686
0.067   0.149   0.270   0.307   0.366   0.434   0.440   0.495   0.539   0.556   0.582   0.635   0.657
0.042   0.099   0.196   0.307   0.357   0.428   0.480   0.494   0.543   0.584   0.625   0.635   0.690
0.093	0.121	0.218	0.295	0.369	0.408	0.453	0.505	0.529	0.569	0.575	0.587	0.668
0.051 	0.129 	0.235 	0.303 	0.374 	0.419 	0.445 	0.499 	0.549 	0.570 	0.619 	0.601 	0.657
