"Celtic"   "Sea"   "and"   "Division"   "VIIj"   "herring"   "(07wg:run1)"
101
"FLT02:"   "Celtic"   "revised"   "acoustic"   "(Catch:"   "Millions)"   "(Effort:"   "Unknown)"
1995   2008
1   1   1   1
2   5
1   157.3   38.3   33.9   5
1   795.3   261.6   53.4   42.6
1   -1   -1   -1   -1
1   186.3  133.4   164.7   87.3
1   -1   -1   -1   -1
1   111.9   12.5   2.2   0.9
1   186.7   212.9   42   47.3
1   185.2   150.6   29.7   6.6
1   61.7   60.4   17.2   5.4
1   -1    -1   -1   -1
1   137.1   28.2   54.2   21.6
1   210.5   47.8   13.5   11
1   70      220    31     9
1   295     111    162    27

