Proportion of F before Spawning
1 7
1958 2007
1 9
1
   0.2 0.2 0.2 0.2 0.2 0.2 0.2 0.2 0.2
   0.2 0.2 0.2 0.2 0.2 0.2 0.2 0.2 0.2
   0.2 0.2 0.2 0.2 0.2 0.2 0.2 0.2 0.2
   0.2 0.2 0.2 0.2 0.2 0.2 0.2 0.2 0.2
   0.2 0.2 0.2 0.2 0.2 0.2 0.2 0.2 0.2
   0.2 0.2 0.2 0.2 0.2 0.2 0.2 0.2 0.2
   0.2 0.2 0.2 0.2 0.2 0.2 0.2 0.2 0.2
   0.2 0.2 0.2 0.2 0.2 0.2 0.2 0.2 0.2
   0.2 0.2 0.2 0.2 0.2 0.2 0.2 0.2 0.2
   0.2 0.2 0.2 0.2 0.2 0.2 0.2 0.2 0.2
   0.2 0.2 0.2 0.2 0.2 0.2 0.2 0.2 0.2
   0.2 0.2 0.2 0.2 0.2 0.2 0.2 0.2 0.2
   0.2 0.2 0.2 0.2 0.2 0.2 0.2 0.2 0.2
   0.2 0.2 0.2 0.2 0.2 0.2 0.2 0.2 0.2
   0.2 0.2 0.2 0.2 0.2 0.2 0.2 0.2 0.2
   0.2 0.2 0.2 0.2 0.2 0.2 0.2 0.2 0.2
   0.2 0.2 0.2 0.2 0.2 0.2 0.2 0.2 0.2
   0.2 0.2 0.2 0.2 0.2 0.2 0.2 0.2 0.2
   0.2 0.2 0.2 0.2 0.2 0.2 0.2 0.2 0.2
   0.2 0.2 0.2 0.2 0.2 0.2 0.2 0.2 0.2
   0.2 0.2 0.2 0.2 0.2 0.2 0.2 0.2 0.2
   0.2 0.2 0.2 0.2 0.2 0.2 0.2 0.2 0.2
   0.2 0.2 0.2 0.2 0.2 0.2 0.2 0.2 0.2
   0.2 0.2 0.2 0.2 0.2 0.2 0.2 0.2 0.2
   0.2 0.2 0.2 0.2 0.2 0.2 0.2 0.2 0.2
   0.2 0.2 0.2 0.2 0.2 0.2 0.2 0.2 0.2
   0.2 0.2 0.2 0.2 0.2 0.2 0.2 0.2 0.2
   0.2 0.2 0.2 0.2 0.2 0.2 0.2 0.2 0.2
   0.2 0.2 0.2 0.2 0.2 0.2 0.2 0.2 0.2
   0.2 0.2 0.2 0.2 0.2 0.2 0.2 0.2 0.2
   0.2 0.2 0.2 0.2 0.2 0.2 0.2 0.2 0.2
   0.2 0.2 0.2 0.2 0.2 0.2 0.2 0.2 0.2
   0.2 0.2 0.2 0.2 0.2 0.2 0.2 0.2 0.2
   0.2 0.2 0.2 0.2 0.2 0.2 0.2 0.2 0.2
   0.2 0.2 0.2 0.2 0.2 0.2 0.2 0.2 0.2
   0.2 0.2 0.2 0.2 0.2 0.2 0.2 0.2 0.2
   0.2 0.2 0.2 0.2 0.2 0.2 0.2 0.2 0.2
   0.2 0.2 0.2 0.2 0.2 0.2 0.2 0.2 0.2
   0.2 0.2 0.2 0.2 0.2 0.2 0.2 0.2 0.2
   0.2 0.2 0.2 0.2 0.2 0.2 0.2 0.2 0.2
   0.2 0.2 0.2 0.2 0.2 0.2 0.2 0.2 0.2
   0.2 0.2 0.2 0.2 0.2 0.2 0.2 0.2 0.2
   0.2 0.2 0.2 0.2 0.2 0.2 0.2 0.2 0.2
   0.2 0.2 0.2 0.2 0.2 0.2 0.2 0.2 0.2
   0.2 0.2 0.2 0.2 0.2 0.2 0.2 0.2 0.2
   0.551 0.551 0.551 0.551 0.551 0.551 0.551 0.551 0.551
   0.551 0.551 0.551 0.551 0.551 0.551 0.551 0.551 0.551
   0.551 0.551 0.551 0.551 0.551 0.551 0.551 0.551 0.551
   0.551 0.551 0.551 0.551 0.551 0.551 0.551 0.551 0.551
   0.551 0.551 0.551 0.551 0.551 0.551 0.551 0.551 0.551