Proportion Mature at Year Start
1 6
1958 2007
1 9
1
  0.5  1.0  1.0  1.0  1.0  1.0  1.0  1.0  1.0
  0.5  1.0  1.0  1.0  1.0  1.0  1.0  1.0  1.0
  0.5  1.0  1.0  1.0  1.0  1.0  1.0  1.0  1.0
  0.5  1.0  1.0  1.0  1.0  1.0  1.0  1.0  1.0
  0.5  1.0  1.0  1.0  1.0  1.0  1.0  1.0  1.0
  0.5  1.0  1.0  1.0  1.0  1.0  1.0  1.0  1.0
  0.5  1.0  1.0  1.0  1.0  1.0  1.0  1.0  1.0
  0.5  1.0  1.0  1.0  1.0  1.0  1.0  1.0  1.0
  0.5  1.0  1.0  1.0  1.0  1.0  1.0  1.0  1.0
  0.5  1.0  1.0  1.0  1.0  1.0  1.0  1.0  1.0
  0.5  1.0  1.0  1.0  1.0  1.0  1.0  1.0  1.0
  0.5  1.0  1.0  1.0  1.0  1.0  1.0  1.0  1.0
  0.5  1.0  1.0  1.0  1.0  1.0  1.0  1.0  1.0
  0.5  1.0  1.0  1.0  1.0  1.0  1.0  1.0  1.0
  0.5  1.0  1.0  1.0  1.0  1.0  1.0  1.0  1.0
  0.5  1.0  1.0  1.0  1.0  1.0  1.0  1.0  1.0
  0.5  1.0  1.0  1.0  1.0  1.0  1.0  1.0  1.0
  0.5  1.0  1.0  1.0  1.0  1.0  1.0  1.0  1.0
  0.5  1.0  1.0  1.0  1.0  1.0  1.0  1.0  1.0
  0.5  1.0  1.0  1.0  1.0  1.0  1.0  1.0  1.0
  0.5  1.0  1.0  1.0  1.0  1.0  1.0  1.0  1.0
  0.5  1.0  1.0  1.0  1.0  1.0  1.0  1.0  1.0
  0.5  1.0  1.0  1.0  1.0  1.0  1.0  1.0  1.0
  0.5  1.0  1.0  1.0  1.0  1.0  1.0  1.0  1.0
  0.5  1.0  1.0  1.0  1.0  1.0  1.0  1.0  1.0
  0.5  1.0  1.0  1.0  1.0  1.0  1.0  1.0  1.0
  0.5  1.0  1.0  1.0  1.0  1.0  1.0  1.0  1.0
  0.5  1.0  1.0  1.0  1.0  1.0  1.0  1.0  1.0
  0.5  1.0  1.0  1.0  1.0  1.0  1.0  1.0  1.0
  0.5  1.0  1.0  1.0  1.0  1.0  1.0  1.0  1.0
  0.5  1.0  1.0  1.0  1.0  1.0  1.0  1.0  1.0
  0.5  1.0  1.0  1.0  1.0  1.0  1.0  1.0  1.0
  0.5  1.0  1.0  1.0  1.0  1.0  1.0  1.0  1.0
  0.5  1.0  1.0  1.0  1.0  1.0  1.0  1.0  1.0
  0.5  1.0  1.0  1.0  1.0  1.0  1.0  1.0  1.0
  0.5  1.0  1.0  1.0  1.0  1.0  1.0  1.0  1.0
  0.5  1.0  1.0  1.0  1.0  1.0  1.0  1.0  1.0
  0.5  1.0  1.0  1.0  1.0  1.0  1.0  1.0  1.0
  0.5  1.0  1.0  1.0  1.0  1.0  1.0  1.0  1.0
  0.5  1.0  1.0  1.0  1.0  1.0  1.0  1.0  1.0
  0.5  1.0  1.0  1.0  1.0  1.0  1.0  1.0  1.0
  0.5  1.0  1.0  1.0  1.0  1.0  1.0  1.0  1.0
  0.5  1.0  1.0  1.0  1.0  1.0  1.0  1.0  1.0
  0.5  1.0  1.0  1.0  1.0  1.0  1.0  1.0  1.0
  0.5  1.0  1.0  1.0  1.0  1.0  1.0  1.0  1.0
  0.5  1.0  1.0  1.0  1.0  1.0  1.0  1.0  1.0
  0.5  1.0  1.0  1.0  1.0  1.0  1.0  1.0  1.0
  0.5  1.0  1.0  1.0  1.0  1.0  1.0  1.0  1.0
  0.5  1.0  1.0  1.0  1.0  1.0  1.0  1.0  1.0
  0.5  1.0  1.0  1.0  1.0  1.0  1.0  1.0  1.0