West of Scotland Herring stock numbers at age - stock.n (units : NA )
1	13	
1957	2011	
1	9	
1 
1030679 880501.6 225348.5 132556.9 130980.9 76240.97 49824.97 6457.248 20014.3
2009074 375388.2 588468.2 132317.6 95493.52 86293.12 50123.75 36649.89 26618.3
2051919 730018 251595.7 351146 82690.87 62785.53 51898.64 28866.50 33655.39
605231.2 724065.6 482690.4 174223.6 207453.3 51177 40377.54 30852.87 22446.85
1249162 220581.3 449217 340865.5 136009.7 141343.4 35272.73 26722.38 14332.61
2240089 451938.5 124914.6 312276.7 276959.7 101705.9 116100.5 26841.2 30923.93
2071905 792149.7 255756.6 82219.9 218559 208492.0 73275.36 82146.86 36605.92
963114.2 755351.4 519945.2 161317.0 63135.11 159304.7 163797.3 58051.53 99664.92
7747943 338916.8 488977.9 362562.1 120637.7 50209.53 121142.3 130508.0 134687
1058405 2676910 234155.3 343897.6 271692.5 88025.04 40567.79 87888.55 133641.3
2485734 269785.9 1556212 161574.1 253741.7 206996.5 61295.45 31424.60 146525.1
4091826 794808.1 176426.4 1077121 111032.4 192333.6 159008.6 44292.03 75109.62
2996445 1378038 508125.8 125521.8 823532.8 87181.73 151633.8 128984.3 129856.4
3438117 1080423 941665.6 351245.0 91449.06 544828.5 58955.65 96662.53 85983.34
9564545 1127467 715729.7 543106.8 211782.1 56453.09 357943.3 32880.98 62561.44
2674778 3398061 550870.6 219019.9 206116.8 95241.86 26908.77 177775.6 53020.57
1073108 681784.6 1987546 293926.4 146766.0 123285.8 61794.26 14556.37 72094.96
1669559 365183.7 305530.6 904182.3 141585.9 73124.61 59864.83 38621.88 36167.4
2087623 439185.7 164705.5 115443.9 328170.3 50299.25 19393.26 21490.12 22435.15
599081.2 668515.5 155196.8 55552.96 44314.10 119324.9 16654.34 5957.868 18287.64
615079.8 180845.2 226411.7 37137.77 16809.86 16316.87 36076.56 4784.678 2577.966
906922.6 206155.3 93402.94 99681.96 12740.34 5699.626 3292.158 12835.62 3156.77
1214030 320572 113329.0 57960.4 51682.6 5031.581 1548.103 999.8047 7076.843
877303 446472.8 237363.8 92716.36 52426.68 46751.99 4545.156 1396.979 7300.372
1653290 321175.7 330516.0 194251.2 83844.74 47425.26 42294.39 4105.021 4158.333
763072.2 586891.9 171622.8 175890.3 117634.8 55501.59 30942.35 27286.96 7954.58
2915059 272993.6 223879.8 75969.63 70798.04 51196.62 27907.97 17092.7 17187.92
1110270 1024889 136169.4 100348.7 41035.54 23941.36 20523.11 11358.01 5026.056
1185789 407161.3 598338.8 66854.04 57644.3 22973.89 10916.82 9774.093 6438.607
875468.9 412594.3 242916.1 356530.2 44167.13 37734.46 14501.50 3367.916 4651.831
2051745 302515.3 174605.7 121760.2 209987.7 22141.45 17125.73 10674.46 18205.61
876338.4 743482 167958.3 102115.6 79804.22 142463.9 12053.51 8582.137 9115.142
806790.4 321393.1 448941.3 100010.9 65451.69 53467.31 101808.9 7822.884 16904.57
426676.6 293187.7 206681 269156.8 72534.07 42053.41 41173.03 77866.56 20040.04
376174.8 148683.6 182308.3 132528.5 173116.3 40516.07 25442.86 27885.16 18029.06
788856.7 123170.7 90510.42 126533.8 93148.1 121046.1 23838.7 15835.75 20215.62
574681.7 287149.7 70400.17 51724.73 91967.52 63588.1 77415.94 15547.81 12343.20
842040.5 201143.5 131978.2 40833.86 36386.06 70616.28 43496.31 51851.71 43526.78
603038.6 308764 117848.7 71990.61 31244.31 25870.08 56201.78 29383.34 36077.63
914120.9 221690.7 158907.7 69178.1 44975.80 23167.81 19416.18 42493.89 156289.9
1463902 335150.6 131949.6 102301.9 53840.19 33568.37 18587.45 13110.43 24855.25
486705.5 537845.3 200682.2 76624.81 62563.78 26843.35 13841.63 7065.271 8320.764
303900.9 173770.6 335121.9 133184.5 39139.87 34949.37 10715.15 4378.449 3793.263
1641178 107370.2 98703.35 190057.9 96708.92 22754.83 24479.90 6614.112 2076.940
1093739 601679.3 64051.92 65271.85 133379.4 75858.41 13841.03 19222.30 4171.354
1142677 402280.9 376543.7 39009.05 50223.99 97449.53 59825.21 6260.589 5754.276
446256.7 419790 265115.6 223847.2 26745.4 28288.99 61616.55 45548.81 7369.287
266886.3 164024.7 279124.0 177884.8 161955.9 18986.22 20263.43 42380.91 23070.93
312347.7 98104.54 110251.6 191061.7 131622.3 117804.0 13922.46 14326.36 13149.46
535371.4 114851.7 68539.26 81030.2 153132.9 104411.1 93906.54 10856.61 26677.19
277381.9 196779.7 76380.7 46003.69 58648.95 108752.8 74820.07 64621.2 18249.70
342338.9 101931.3 127365.1 48770.19 31480.57 39192.04 73494.93 48064.25 66955.98
630166.5 125864.6 70180.59 91124.99 37925.46 24167.21 30271.07 55226.74 47042.6
588137.3 231610.4 83174.16 46557.06 65093.47 26552.4 17081.6 20497.50 59596.15
588137.3 216139.5 151006.7 53825.98 32343.68 44216.67 18229.22 11178.13 55641.9
