West of Scotland Herring natural mortality - m (units : NA )
1	5	
1957	2008	
1	9	
1 
1 0.3 0.2 0.1 0.1 0.1 0.1 0.1 0.1
1 0.3 0.2 0.1 0.1 0.1 0.1 0.1 0.1
1 0.3 0.2 0.1 0.1 0.1 0.1 0.1 0.1
1 0.3 0.2 0.1 0.1 0.1 0.1 0.1 0.1
1 0.3 0.2 0.1 0.1 0.1 0.1 0.1 0.1
1 0.3 0.2 0.1 0.1 0.1 0.1 0.1 0.1
1 0.3 0.2 0.1 0.1 0.1 0.1 0.1 0.1
1 0.3 0.2 0.1 0.1 0.1 0.1 0.1 0.1
1 0.3 0.2 0.1 0.1 0.1 0.1 0.1 0.1
1 0.3 0.2 0.1 0.1 0.1 0.1 0.1 0.1
1 0.3 0.2 0.1 0.1 0.1 0.1 0.1 0.1
1 0.3 0.2 0.1 0.1 0.1 0.1 0.1 0.1
1 0.3 0.2 0.1 0.1 0.1 0.1 0.1 0.1
1 0.3 0.2 0.1 0.1 0.1 0.1 0.1 0.1
1 0.3 0.2 0.1 0.1 0.1 0.1 0.1 0.1
1 0.3 0.2 0.1 0.1 0.1 0.1 0.1 0.1
1 0.3 0.2 0.1 0.1 0.1 0.1 0.1 0.1
1 0.3 0.2 0.1 0.1 0.1 0.1 0.1 0.1
1 0.3 0.2 0.1 0.1 0.1 0.1 0.1 0.1
1 0.3 0.2 0.1 0.1 0.1 0.1 0.1 0.1
1 0.3 0.2 0.1 0.1 0.1 0.1 0.1 0.1
1 0.3 0.2 0.1 0.1 0.1 0.1 0.1 0.1
1 0.3 0.2 0.1 0.1 0.1 0.1 0.1 0.1
1 0.3 0.2 0.1 0.1 0.1 0.1 0.1 0.1
1 0.3 0.2 0.1 0.1 0.1 0.1 0.1 0.1
1 0.3 0.2 0.1 0.1 0.1 0.1 0.1 0.1
1 0.3 0.2 0.1 0.1 0.1 0.1 0.1 0.1
1 0.3 0.2 0.1 0.1 0.1 0.1 0.1 0.1
1 0.3 0.2 0.1 0.1 0.1 0.1 0.1 0.1
1 0.3 0.2 0.1 0.1 0.1 0.1 0.1 0.1
1 0.3 0.2 0.1 0.1 0.1 0.1 0.1 0.1
1 0.3 0.2 0.1 0.1 0.1 0.1 0.1 0.1
1 0.3 0.2 0.1 0.1 0.1 0.1 0.1 0.1
1 0.3 0.2 0.1 0.1 0.1 0.1 0.1 0.1
1 0.3 0.2 0.1 0.1 0.1 0.1 0.1 0.1
1 0.3 0.2 0.1 0.1 0.1 0.1 0.1 0.1
1 0.3 0.2 0.1 0.1 0.1 0.1 0.1 0.1
1 0.3 0.2 0.1 0.1 0.1 0.1 0.1 0.1
1 0.3 0.2 0.1 0.1 0.1 0.1 0.1 0.1
1 0.3 0.2 0.1 0.1 0.1 0.1 0.1 0.1
1 0.3 0.2 0.1 0.1 0.1 0.1 0.1 0.1
1 0.3 0.2 0.1 0.1 0.1 0.1 0.1 0.1
1 0.3 0.2 0.1 0.1 0.1 0.1 0.1 0.1
1 0.3 0.2 0.1 0.1 0.1 0.1 0.1 0.1
1 0.3 0.2 0.1 0.1 0.1 0.1 0.1 0.1
1 0.3 0.2 0.1 0.1 0.1 0.1 0.1 0.1
1 0.3 0.2 0.1 0.1 0.1 0.1 0.1 0.1
1 0.3 0.2 0.1 0.1 0.1 0.1 0.1 0.1
1 0.3 0.2 0.1 0.1 0.1 0.1 0.1 0.1
1 0.3 0.2 0.1 0.1 0.1 0.1 0.1 0.1
1 0.3 0.2 0.1 0.1 0.1 0.1 0.1 0.1
1 0.3 0.2 0.1 0.1 0.1 0.1 0.1 0.1
