NEA Mackerel fishing mortality - harvest (units : f )
1	12	
1972	2010	
0	12	
1 
0.005589001 0.00752939 0.0275201 0.05275392 0.0967971 0 0 0 0 0 0 0 0
0.003915711 0.02853335 0.01888768 0.07083346 0.1440616 0.1597396 0.19915 0.2089303 0.2161794 0.2283110 0.265712 0.2396095 0.2396095
0.00810949 0.02940339 0.03506409 0.04726171 0.1234426 0.2033341 0.1818873 0.2659493 0.2751767 0.2906192 0.3382273 0.3050011 0.3050011
0.008075509 0.02053350 0.0300831 0.07673736 0.1007865 0.1852375 0.1687029 0.4160278 0.2506862 0.2647543 0.3081253 0.2778562 0.2778562
0.01391026 0.07644308 0.1002859 0.1549170 0.2150806 0.1577406 0.2132861 0.388083 0.3421605 0.2254538 0.2623867 0.2366108 0.2366108
0.007044784 0.04667187 0.1134279 0.1180604 0.1310904 0.1131549 0.1254858 0.2441737 0.405353 0.267556 0.1882226 0.1697323 0.1697323
0.01174261 0.04774654 0.1951818 0.2113566 0.1975547 0.2160030 0.1766266 0.1546592 0.2564531 0.3907586 0.4543559 0.3240044 0.3240044
0.02374323 0.1539847 0.1092441 0.31716 0.2671965 0.2583973 0.2825062 0.3054842 0.2122634 0.4137528 0.5856251 0.8176774 0.8176774
0.006515483 0.1055342 0.2363964 0.1479732 0.2661011 0.2673382 0.2174471 0.2514694 0.2816772 0.2379629 0.3882266 0.7075699 0.7075699
0.008570653 0.0654251 0.1717472 0.2019015 0.09899411 0.2226675 0.2781545 0.2606949 0.3376467 0.3341104 0.4278872 0.5723758 0.5723758
0.006088318 0.03846113 0.1312471 0.2289043 0.2317992 0.1029126 0.2455995 0.2767492 0.3100318 0.3997752 0.3684478 0.4927557 0.4927557
0.005162755 0.03086999 0.1534245 0.1781479 0.2691689 0.2328978 0.1006183 0.2355256 0.2708223 0.2604976 0.3813363 0.4628171 0.4628171
0.04316385 0.02650308 0.06763394 0.2186625 0.2260568 0.2767791 0.2692280 0.1445184 0.2376949 0.2749990 0.3093927 0.3998972 0.3998972
0.02741441 0.04916342 0.02064966 0.05669974 0.2049748 0.2129494 0.2788832 0.2591646 0.1742841 0.2741134 0.3401630 0.3607968 0.3607968
0.01611371 0.02321487 0.09691151 0.04554595 0.09308067 0.2433389 0.2578462 0.3357394 0.2673608 0.1661088 0.2910599 0.3390386 0.3390386
0.001578471 0.01526731 0.07634143 0.2039417 0.08327611 0.1412228 0.2420686 0.2841001 0.3787429 0.3436264 0.3627243 0.3681017 0.3681017
0.01757525 0.03856346 0.06323058 0.1187334 0.2398099 0.1389217 0.1897059 0.3029264 0.3713399 0.4279416 0.3335114 0.4160007 0.4160007
0.01627266 0.02323159 0.09817716 0.1214355 0.1379872 0.2382378 0.1229184 0.1762018 0.2582875 0.3441023 0.4425551 0.3690976 0.3690976
0.008399864 0.04180737 0.09331395 0.1711102 0.1628302 0.1751942 0.2471867 0.1424216 0.2123874 0.3049424 0.2630327 0.4050124 0.4050124
0.003003541 0.02390838 0.07793731 0.1184952 0.2207303 0.2058989 0.2024032 0.2925846 0.2398034 0.2744098 0.4199796 0.3772035 0.3772035
0.01055451 0.0296152 0.07807862 0.1715705 0.2089353 0.2663811 0.2480395 0.260988 0.323229 0.3785130 0.369621 0.4316166 0.4316166
0.003990765 0.03702422 0.09190352 0.1752962 0.2781213 0.2838903 0.3504441 0.3764482 0.3523979 0.4908788 0.5179927 0.5304653 0.5304653
0.006322747 0.03598828 0.07872357 0.1780039 0.2523313 0.3308858 0.3404234 0.4492894 0.4706576 0.51284 0.4303967 0.5355978 0.5355978
0.004039916 0.02396332 0.1036243 0.1578538 0.226499 0.2652301 0.3553785 0.4497081 0.4999348 0.6062399 0.5320614 0.5296265 0.5296265
0.01042862 0.03892405 0.06011298 0.1323957 0.1779156 0.2117355 0.2009157 0.3570477 0.2999805 0.5063707 0.449171 0.4359279 0.4359279
0.01245763 0.0474187 0.07442157 0.1071016 0.2067190 0.2229798 0.2334738 0.2566521 0.3240666 0.3384912 0.4197599 0.4403597 0.4403597
0.02200814 0.04099526 0.0940121 0.1361098 0.1958171 0.2938320 0.2797048 0.3113815 0.3463758 0.3803905 0.3414995 0.469897 0.469897
0.004831253 0.01746577 0.05278936 0.1256414 0.2047639 0.2673613 0.3333236 0.3496932 0.3618262 0.3821313 0.4447305 0.4010419 0.4010419
0.005629718 0.02035236 0.06151389 0.1464063 0.2386053 0.3115482 0.3884122 0.4074872 0.4216255 0.4452864 0.5182314 0.4673223 0.4673223
0.006373389 0.02304085 0.06963972 0.1657462 0.2701245 0.352703 0.4397205 0.4613152 0.4773211 0.5041077 0.5866885 0.5290545 0.5290545
0.007166958 0.02590973 0.07831075 0.1863837 0.3037585 0.396619 0.4944714 0.5187549 0.5367537 0.5668755 0.6597387 0.5949285 0.5949285
0.007261501 0.02625152 0.0793438 0.1888424 0.3077655 0.401851 0.5009942 0.5255981 0.5438343 0.5743535 0.6684417 0.6027765 0.6027765
0.00674614 0.02438841 0.07371263 0.1754399 0.2859229 0.373331 0.4654378 0.4882955 0.5052375 0.5335906 0.6210013 0.5599965 0.5599965
0.004881477 0.01764734 0.05333814 0.1269475 0.2068925 0.2701407 0.3367888 0.3533285 0.3655876 0.3861039 0.4493538 0.405211 0.405211
0.003998226 0.01445425 0.04368717 0.1039778 0.1694576 0.2212616 0.2758504 0.2893975 0.2994385 0.3162425 0.3680481 0.3318924 0.3318924
0.004517927 0.01633305 0.04936575 0.1174931 0.1914841 0.2500218 0.3117062 0.3270142 0.3383603 0.3573486 0.4158880 0.3750327 0.3750327
0.004074079 0.01472847 0.04451599 0.1059504 0.1726724 0.2254593 0.2810838 0.2948878 0.3051193 0.3222421 0.3750305 0.3381890 0.3381890
0.003983086 0.01439951 0.04352174 0.103584 0.1688158 0.2204237 0.2748058 0.2883016 0.2983046 0.3150449 0.3666543 0.3306356 0.3306356
0.004099131 0.01481903 0.04478972 0.1066019 0.1737342 0.2268457 0.2828122 0.2967011 0.3069955 0.3242236 0.3773366 0.3402685 0.3402685
