NEA Mackerel stock numbers at age - stock.n (units : NA )
1	13	
1972	2008	
0	12	
1 
2125661 5237618 2112699 4164995 7841134 0 0 0 0 0 0 0 0
4770156 1819650 4475641 1770558 3404720 6146255 0 0 0 0 0 0 0
4006591 4089958 1523318 3783143 1422977 2546477 4536621 0 0 0 0 0 0
4926801 3421372 3420122 1267208 3112236 1087291 1799317 3281978 0 0 0 0 0
4948046 4207015 2886509 2858128 1012440 2433280 783547 1316125 1910171 0 0 0 0
973253.2 4200894 3359120 2253659 2113792 707974 1803606 550682.2 782399.8 1201925 0 0 0
3239264 832054.7 3453429 2586951 1730049 1600857 546640.8 1379660 376928.8 461419.3 815519.7 0 0
5311747 2755974 684185.1 2453902 1811201 1230865 1117029 397542.6 1028151 256100.9 279050.7 477464.3 0
5576192 4465740 2038399 530650.6 1549320 1202687 827711.2 732258.8 256596.1 728117.7 152246.9 145889.2 272330.8
7259058 4768795 3462946 1391234 397011 1030283 800331.5 580233.9 495909.7 170246.5 505812.1 94191.19 594265.7
2047300 6195398 3848716 2515940 983112 311331.4 715881.7 528708.1 391916.0 310924.7 108501.0 300484.4 511340.7
1579830 1751766 5134230 2912052 1728810 675568.8 243392.0 487732.3 351148.6 254501.9 185750.5 67951.38 454408.7
7411989 1352976 1463365 3800245 2105275 1143169 464515.4 190811.6 336466.8 235679.5 174071.8 114416.4 262935.4
3344031 6113421 1134958 1179825 2640007 1453773 751604.3 309210.8 143796.0 232463.6 158567.0 115197.6 417180.6
3453388 2802442 5012729 957507.4 961442 1860513 1018101 494287.5 208513.2 105670.6 156137.3 101750.3 359468.1
5148832 2926040 2358224 3921449 788574 756652.4 1264858 684073 308954.9 140134.4 78431.33 104096.7 255303.2
3585748 4424779 2481281 1884663 2761891 626249.4 568901.3 862644.3 449679.2 186685.6 88488.43 49356.93 215338.2
4400475 3032865 3667017 2008186 1445918 1879617 471548.5 408902.3 556830.7 273991.5 109106.6 57036.2 146914.2
3206044 3726918 2550865 2866709 1536243 1089438 1282809 360796.8 298190.6 376463 172821.2 64178.78 107970.6
3724106 2736997 3077599 2001272 2087478 1129710 792712.3 869385.1 271169.8 210704.5 245101.2 118211.4 210589.1
4733756 3196093 2301587 2452123 1531465 1449644 797951.5 562879.6 565508.6 186189.3 141240.0 145604.1 242478.0
5591156 4034116 2673459 1836269 1781100 1071685 964872.2 542570.7 379226.9 358891 112997.3 87769.13 205984.3
4759308 4794414 3353474 2106344 1333838 1165149 696776.8 594665.9 328633.6 236169.9 197005.3 61504.77 173453.3
4261347 4072863 3990106 2681259 1529020 900928.3 724671.2 429032.7 336783.2 185026.6 129488.1 116405.2 121903.4
4042465 3654096 3429999 3118726 1993021 1061802 602788.2 441132 238057.0 185335.3 95528.22 72324.98 120776.8
3125055 3457575 3074606 2789112 2400914 1441361 739457.8 396722.9 280111.8 151217.3 116141.5 59176 102504.2
2986243 2673681 2912311 2506723 2158306 1750428 1013700 492767 255492.1 180456.2 96166.58 73051.22 82665
3494438 2552391 2244013 2353247 1905999 1531004 1190681 647570.2 302503.6 156906.7 109166.8 57434.16 112041.6
1844362 2985651 2139363 1807197 1777618 1338279 1028551 748737 390497.7 182493.2 93167.9 63951.1 103826.8
5236954 1573846 2491203 1703464 1335042 1205478 861822.8 613023.3 424883.3 221704.7 101703.2 51107.54 112014.5
9368840 4463764 1307833 1963338 1233281 877302 747137 489329.4 329258.1 228335.6 116666.3 52568.93 101894.2
3096612 7976668 3694331 1020322 1393428 785666 523587.6 404395.3 248948.2 167616.5 113545.5 56868.48 80921.76
4214693 2637739 6613189 2894764 730368.2 899614.4 476574.8 289287.7 210591.9 129719.4 85404.47 56760.77 53565.98
4715282 3595404 2198454 5251032 2126758 491069 573324.9 280315.8 161722.3 117789.1 71172.19 46096.7 41287.49
4774485 4032814 3024599 1786757 4038355 1535654 341332.7 376414.5 177505.6 102445.7 73601.13 43957.06 46537.61
2716164 4087998 3406216 2483061 1401545 3007238 1108204 235007.6 251550.4 118659.3 67714.59 48183.72 54684.39
3835910 2323576 3441851 2774124 1917456 1018489 2106583 734787.1 150485.1 161135.1 75013.37 42329.4 65008.34
