NEA Mackerel total landings - landings (units : Tonnes )
1	1	
1972	2007	
0	12	
1 
361262 570719 607473 784329 828434 620016 736519 842739 734950 754045 716987 672283 641928
614371 602201 654992 680491 585920 626107 675665 760690 824568 819087 756277 563472 573029
666316 640309 738606 737463 772905 669600 650221 543486 472652 579379 361262 570719 607473
784329 828434 620016 736519 842739 734950 754045 716987 672283 641928 614371 602201 654992
680491 585920 626107 675665 760690 824568 819087 756277 563472 573029 666316 640309 738606
737463 772905 669600 650221 543486 472652 579379 361262 570719 607473 784329 828434 620016
736519 842739 734950 754045 716987 672283 641928 614371 602201 654992 680491 585920 626107
675665 760690 824568 819087 756277 563472 573029 666316 640309 738606 737463 772905 669600
650221 543486 472652 579379 361262 570719 607473 784329 828434 620016 736519 842739 734950
754045 716987 672283 641928 614371 602201 654992 680491 585920 626107 675665 760690 824568
819087 756277 563472 573029 666316 640309 738606 737463 772905 669600 650221 543486 472652
579379 361262 570719 607473 784329 828434 620016 736519 842739 734950 754045 716987 672283
641928 614371 602201 654992 680491 585920 626107 675665 760690 824568 819087 756277 563472
573029 666316 640309 738606 737463 772905 669600 650221 543486 472652 579379 361262 570719
607473 784329 828434 620016 736519 842739 734950 754045 716987 672283 641928 614371 602201
654992 680491 585920 626107 675665 760690 824568 819087 756277 563472 573029 666316 640309
738606 737463 772905 669600 650221 543486 472652 579379 361262 570719 607473 784329 828434
620016 736519 842739 734950 754045 716987 672283 641928 614371 602201 654992 680491 585920
626107 675665 760690 824568 819087 756277 563472 573029 666316 640309 738606 737463 772905
669600 650221 543486 472652 579379 361262 570719 607473 784329 828434 620016 736519 842739
734950 754045 716987 672283 641928 614371 602201 654992 680491 585920 626107 675665 760690
824568 819087 756277 563472 573029 666316 640309 738606 737463 772905 669600 650221 543486
472652 579379 361262 570719 607473 784329 828434 620016 736519 842739 734950 754045 716987
672283 641928 614371 602201 654992 680491 585920 626107 675665 760690 824568 819087 756277
563472 573029 666316 640309 738606 737463 772905 669600 650221 543486 472652 579379 361262
570719 607473 784329 828434 620016 736519 842739 734950 754045 716987 672283 641928 614371
602201 654992 680491 585920 626107 675665 760690 824568 819087 756277 563472 573029 666316
640309 738606 737463 772905 669600 650221 543486 472652 579379 361262 570719 607473 784329
828434 620016 736519 842739 734950 754045 716987 672283 641928 614371 602201 654992 680491
585920 626107 675665 760690 824568 819087 756277 563472 573029 666316 640309 738606 737463
772905 669600 650221 543486 472652 579379 361262 570719 607473 784329 828434 620016 736519
842739 734950 754045 716987 672283 641928 614371 602201 654992 680491 585920 626107 675665
760690 824568 819087 756277 563472 573029 666316 640309 738606 737463 772905 669600 650221
543486 472652 579379 361262 570719 607473 784329 828434 620016 736519 842739 734950 754045
716987 672283 641928 614371 602201 654992 680491 585920 626107 675665 760690 824568 819087
756277 563472 573029 666316 640309 738606 737463 772905 669600 650221 543486 472652 579379
