NEA Mackerel total catch - catch (units : Tonnes )
1	24	
1972	2010	
0	12	
1 
361262.3 570719 607473.2 784328.8 828434.2 620016.3 736519.4 842738.7 734950.2 754045.2 716987.1 672283.4 641928.3
614370.7 602200.7 654991.5 680490.9 585920.2 626107.4 675665.4 760689.6 824567.8 819086.7 756276.5 563471.5 573028.9
666315.5 640452.3 738761.9 737543.5 772931.6 669761.2 650577.1 543632.9 472943.9 579394 613425.8 735934.4 872317.6
361262.3 570719 607473.2 784328.8 828434.2 620016.3 736519.4 842738.7 734950.2 754045.2 716987.1 672283.4 641928.3
614370.7 602200.7 654991.5 680490.9 585920.2 626107.4 675665.4 760689.6 824567.8 819086.7 756276.5 563471.5 573028.9
666315.5 640452.3 738761.9 737543.5 772931.6 669761.2 650577.1 543632.9 472943.9 579394 613425.8 735934.4 872317.6
361262.3 570719 607473.2 784328.8 828434.2 620016.3 736519.4 842738.7 734950.2 754045.2 716987.1 672283.4 641928.3
614370.7 602200.7 654991.5 680490.9 585920.2 626107.4 675665.4 760689.6 824567.8 819086.7 756276.5 563471.5 573028.9
666315.5 640452.3 738761.9 737543.5 772931.6 669761.2 650577.1 543632.9 472943.9 579394 613425.8 735934.4 872317.6
361262.3 570719 607473.2 784328.8 828434.2 620016.3 736519.4 842738.7 734950.2 754045.2 716987.1 672283.4 641928.3
614370.7 602200.7 654991.5 680490.9 585920.2 626107.4 675665.4 760689.6 824567.8 819086.7 756276.5 563471.5 573028.9
666315.5 640452.3 738761.9 737543.5 772931.6 669761.2 650577.1 543632.9 472943.9 579394 613425.8 735934.4 872317.6
361262.3 570719 607473.2 784328.8 828434.2 620016.3 736519.4 842738.7 734950.2 754045.2 716987.1 672283.4 641928.3
614370.7 602200.7 654991.5 680490.9 585920.2 626107.4 675665.4 760689.6 824567.8 819086.7 756276.5 563471.5 573028.9
666315.5 640452.3 738761.9 737543.5 772931.6 669761.2 650577.1 543632.9 472943.9 579394 613425.8 735934.4 872317.6
361262.3 570719 607473.2 784328.8 828434.2 620016.3 736519.4 842738.7 734950.2 754045.2 716987.1 672283.4 641928.3
614370.7 602200.7 654991.5 680490.9 585920.2 626107.4 675665.4 760689.6 824567.8 819086.7 756276.5 563471.5 573028.9
666315.5 640452.3 738761.9 737543.5 772931.6 669761.2 650577.1 543632.9 472943.9 579394 613425.8 735934.4 872317.6
361262.3 570719 607473.2 784328.8 828434.2 620016.3 736519.4 842738.7 734950.2 754045.2 716987.1 672283.4 641928.3
614370.7 602200.7 654991.5 680490.9 585920.2 626107.4 675665.4 760689.6 824567.8 819086.7 756276.5 563471.5 573028.9
666315.5 640452.3 738761.9 737543.5 772931.6 669761.2 650577.1 543632.9 472943.9 579394 613425.8 735934.4 872317.6
361262.3 570719 607473.2 784328.8 828434.2 620016.3 736519.4 842738.7 734950.2 754045.2 716987.1 672283.4 641928.3
614370.7 602200.7 654991.5 680490.9 585920.2 626107.4 675665.4 760689.6 824567.8 819086.7 756276.5 563471.5 573028.9
666315.5 640452.3 738761.9 737543.5 772931.6 669761.2 650577.1 543632.9 472943.9 579394 613425.8 735934.4 872317.6
361262.3 570719 607473.2 784328.8 828434.2 620016.3 736519.4 842738.7 734950.2 754045.2 716987.1 672283.4 641928.3
614370.7 602200.7 654991.5 680490.9 585920.2 626107.4 675665.4 760689.6 824567.8 819086.7 756276.5 563471.5 573028.9
666315.5 640452.3 738761.9 737543.5 772931.6 669761.2 650577.1 543632.9 472943.9 579394 613425.8 735934.4 872317.6
361262.3 570719 607473.2 784328.8 828434.2 620016.3 736519.4 842738.7 734950.2 754045.2 716987.1 672283.4 641928.3
614370.7 602200.7 654991.5 680490.9 585920.2 626107.4 675665.4 760689.6 824567.8 819086.7 756276.5 563471.5 573028.9
666315.5 640452.3 738761.9 737543.5 772931.6 669761.2 650577.1 543632.9 472943.9 579394 613425.8 735934.4 872317.6
361262.3 570719 607473.2 784328.8 828434.2 620016.3 736519.4 842738.7 734950.2 754045.2 716987.1 672283.4 641928.3
614370.7 602200.7 654991.5 680490.9 585920.2 626107.4 675665.4 760689.6 824567.8 819086.7 756276.5 563471.5 573028.9
666315.5 640452.3 738761.9 737543.5 772931.6 669761.2 650577.1 543632.9 472943.9 579394 613425.8 735934.4 872317.6
361262.3 570719 607473.2 784328.8 828434.2 620016.3 736519.4 842738.7 734950.2 754045.2 716987.1 672283.4 641928.3
614370.7 602200.7 654991.5 680490.9 585920.2 626107.4 675665.4 760689.6 824567.8 819086.7 756276.5 563471.5 573028.9
666315.5 640452.3 738761.9 737543.5 772931.6 669761.2 650577.1 543632.9 472943.9 579394 613425.8 735934.4 872317.6
361262.3 570719 607473.2 784328.8 828434.2 620016.3 736519.4 842738.7 734950.2 754045.2 716987.1 672283.4 641928.3
614370.7 602200.7 654991.5 680490.9 585920.2 626107.4 675665.4 760689.6 824567.8 819086.7 756276.5 563471.5 573028.9
666315.5 640452.3 738761.9 737543.5 772931.6 669761.2 650577.1 543632.9 472943.9 579394 613425.8 735934.4 872317.6
