# Number of parameters = 21  Objective function value = 826.336  Maximum gradient component = 2.59577e-05
# logFpar:
 0.274154 0.512583 0.640098 0.675823 0.814406 -8.60865 -8.83622 -9.19664 -9.63082 -9.39210 -12.5273
# logSdLogFsta:
 -0.920848
# logSdLogN:
 -0.604525 -2.11054
# logSdLogObs:
 -0.761990 -0.662381 -1.41124 -0.336753 -1.23981
# rec_loga:
1.00000000000
# rec_logb:
-12.0000000000
# logScaleSSB:
-9.16255436578
# logSdSSB:
-0.571210498549
# U:
 16.6575191254 16.5270975875 15.1015355808 15.8562466773 13.3447606937 13.5465239615 12.8993967110 12.6443747760 12.5860641769 12.6639671289 -4.04837341728 -1.63886068831 -0.750425595942 -0.969978960405 -1.01579262869 -0.826762190789 18.0912879354 15.5671449072 15.3142262604 14.3316450139 15.2837159280 12.8874861104 13.0329793936 12.3719652967 12.0968844265 12.7513601978 -4.08777405827 -1.86384710800 -0.719321191123 -0.884424019917 -0.953331344526 -0.909308742882 17.5764713300 17.1355830521 14.3643231549 14.4960625351 13.7251110140 14.7996479266 12.3900351463 12.5492945051 11.8900523437 12.6399528737 -4.48907885353 -1.91403393547 -0.957304514794 -0.733813252576 -0.931063155900 -0.740290602084 17.6147650095 16.5893815552 16.0559381867 13.6646688294 13.7767496540 13.2282793617 14.2180157594 11.7976427396 11.9720618439 12.4305634893 -4.33556910918 -1.78748341250 -0.973608724767 -0.855927115589 -1.00089536571 -1.27742543502 17.8480951196 16.5795519419 15.4586226255 15.4384073665 13.0476599855 13.3019332999 12.8727951953 13.8573942271 11.4211436970 12.5219589768 -4.31968962171 -1.46910544247 -0.813209975409 -0.735513813218 -0.812847696676 -1.12121082314 17.2163618894 16.8738425247 15.3081390592 14.7542680470 14.8060278711 12.5156822090 12.8722959295 12.4748498194 13.4538767039 12.3739221919 -4.33581305590 -1.44119053676 -0.444335274494 -0.485619639119 -0.536970231920 -0.644367497064 17.2032409158 16.2032897079 15.6704876034 14.3155496783 13.9665382555 14.1362537069 11.8851751845 12.2435863941 11.8700170397 13.1203030839 -4.02492634671 -1.38452816943 -0.510113867106 -0.143480019698 -0.425128258369 -0.432257654786 17.4665147700 16.1636132869 14.9593848781 14.8024907445 13.2072506845 13.2498764862 13.3828451805 11.1516398911 11.5118713782 12.6193313351 -3.80576494714 -1.24682690668 -0.372545506421 -0.128826491267 0.0208034049144 -0.0475832154977 17.4375954469 16.4461884738 14.8550040701 13.9857236275 13.7588715362 12.0384180136 12.2398407944 12.3234291381 10.0858547514 11.8485005446 -3.71941812390 -1.16945639493 -0.0535777095893 0.244094541312 -0.0972204556763 0.313841363154 16.9099470575 16.4115314500 15.1370543606 13.5771936157 12.4894325319 12.7793007139 10.5076634314 10.8159431929 10.8481697127 10.5406916425 -3.91520139974 -1.09226032535 -0.100449185829 0.148917383103 0.00518719348063 0.378904007536 17.3638992232 15.9024855937 15.0737974415 13.9365510728 12.2155035633 11.3750948211 11.2639864101 8.85109757560 9.29186499106 9.85866431840 -3.45762814902 -1.02763157827 -0.0916001007911 0.210416138453 0.0763035907921 0.538496717936 17.1521539502 16.3467027957 14.5724017465 13.8549876109 12.4964787236 11.0363034828 9.56990108937 9.49651066393 6.92199848895 8.54454189274 -3.19168834465 -0.713602060144 -0.173025204538 0.137873558044 0.155797494462 0.448606131003 16.7364398210 16.1243852662 14.8538363914 13.4551897813 12.5002512640 11.2130299474 9.40147248852 7.85529483466 7.82271144857 7.04214995184 -2.88480284332 -0.567385234496 -0.0647896765137 -0.0236343322248 -0.00418296007806 -0.475920917542 16.0613240418 15.6826426953 14.5625467625 13.6165035336 12.3108709668 11.4095480957 10.4766819386 8.71528307434 7.18170725535 7.46775502261 -2.68945368036 -0.458986058351 0.0624924278556 0.210776749478 -0.0322833141144 -0.130708209651 16.2073594915 14.9738673174 14.0438815362 13.2067781234 12.1755390543 11.2701089320 10.4293467792 9.46078101113 7.76855981899 7.07918497232 -2.28954603891 -0.470941504851 0.191321823620 0.251787894341 0.165357159535 0.0656617524356 15.0320787153 15.1444615017 13.3381958054 12.5353600445 11.7352754147 10.8937398052 10.1241099840 9.25696327144 8.28136795493 7.02926362458 -2.12274376615 -0.490050410043 0.282906097493 0.447112072233 0.319806772366 0.436210310423 14.7515011470 13.8628531632 13.5282164418 11.6974456254 10.7692238808 10.2545002240 9.22875176034 8.50934021356 7.59871338902 6.86243611805 -2.07654807570 -0.884256493708 -0.0378851674307 0.443302039774 0.230093288085 0.164224603084 15.1770616831 13.5768189961 12.4337294230 12.2417943276 9.91434852177 9.38537982464 8.94075560087 7.93869658230 7.24744362750 6.71802334152 -2.24653579931 -1.04693218454 -1.05777536070 -0.107852381386 -0.367288545951 -0.451018023539 15.2903752624 14.0847713710 12.1792285281 11.7829897743 11.0856672788 9.08929708099 8.60791337897 8.15832162932 7.18046025902 6.99088421303 -2.42061080028 -1.36059888152 -1.88982459825 -1.36733307732 -1.24792686120 -1.98278892050 16.0082327588 14.2121399945 12.8486739230 11.7623979717 11.4037194118 10.6984677981 8.88951018933 8.39608733495 7.91685188393 7.48462397524 -2.16447480146 -1.55049324005 -1.78545136828 -1.59231188767 -1.53487668998 -2.27352361602 16.6046370053 14.9084684929 13.0182580676 12.4125597945 11.4293668134 11.1853410458 10.5294437048 8.79109944695 8.18203754930 8.12972168548 -1.79632998725 -1.62318700312 -1.38966008064 -1.24082818320 -1.32189400038 -2.01177115883 17.3150523840 15.4487995245 13.7448155958 12.4650779623 11.9297035214 11.1092199181 10.9983831895 10.3666995885 8.62997755724 8.60099505373 -1.25223086757 -1.43967252159 -1.24040130884 -1.12691283604 -1.21158073603 -1.15206837664 17.8070486681 16.0007693689 14.2094397930 13.1736713668 11.9460147432 11.5361388088 10.7125425098 10.6084786861 9.97660611423 8.89065746754 -1.17088644741 -1.38363470811 -1.21362908176 -0.928368412870 -1.12012160712 -1.48314736955 17.8649086049 16.5017881746 14.7288954188 13.6194322409 12.5775243648 11.5364062440 11.2316711611 10.4188373498 10.3082141040 9.98618604637 -1.23000857004 -1.31493628788 -1.11926113720 -0.928086304004 -0.873469812781 -0.992035370127 17.7939133094 16.5556602772 15.2330333949 14.0918764771 13.0423940939 12.0552960401 11.0910095254 10.7828285334 9.96739920180 10.4084323018 -1.56516027520 -1.29615155943 -1.05354241491 -0.801679716685 -0.705699544403 -0.621180666458 18.0730676680 16.5627012159 15.2937258219 14.6185061055 13.4539598544 12.4603464760 11.4115736061 10.4871345720 10.1524528258 10.2794110415 -1.99912646623 -1.10119097533 -0.924276819811 -0.648782066697 -0.553361692617 -0.411268788204 18.2697529232 16.9623062166 15.2050654998 14.5972029396 13.8992619613 12.7755808058 11.6963629849 10.6400101847 9.74693349484 10.1516086156 -2.18644767737 -1.06416951015 -0.812225316341 -0.623532753514 -0.522145795890 -0.305950558195 18.1048865445 17.2053974925 15.6459084711 14.4318894659 13.8597629607 13.2094850610 11.9528806280 10.8574459208 9.79600142044 9.81875019599 -2.00475052202 -0.968136276364 -0.861678118745 -0.637510423370 -0.488587032625 -0.377849889307 17.6062366564 16.9638759015 15.8734149531 14.9445309935 13.6887538180 13.1465241781 12.4262580035 11.1807144560 10.0716170516 9.70708685541 -2.06427800176 -0.736224119583 -0.884543851919 -0.729298557573 -0.467552970083 -0.317083660594 17.4252324331 16.4679654943 15.4557786849 15.1635345893 14.2494060321 12.9445380893 12.3293851510 11.5974884018 10.3617223110 9.74484378025 -2.09571238266 -0.797639680417 -0.834362875166 -0.858222727586 -0.546525314147 -0.478869052559 17.3318302178 16.2903125141 15.0078653068 14.7659905447 14.6036968320 13.6049235914 12.3006371977 11.6569498959 10.9433850849 10.0932342093 -2.22123174023 -0.870556499550 -0.781247100835 -0.913893360495 -0.708070130818 -0.671926296761 17.3726045339 16.2522758604 14.8680522432 14.2656243014 14.1994514144 14.0232671604 12.9988750576 11.7425632187 11.0517806022 10.6262597024 -1.94634420255 -1.03216679560 -0.618893335962 -0.800552485197 -0.726493292545 -0.716010008537 17.8470419240 16.2235285306 14.9363127939 14.0371358752 13.6617415318 13.6393343758 13.4496134791 12.4302999337 11.1900954072 11.0037720622 -1.52804930464 -1.02181290461 -0.543057361785 -0.625381594026 -0.661325502096 -0.550959974085 17.7754208010 16.6078625926 14.8630537057 14.0502200745 13.3366169758 13.0997320233 13.0133731232 12.7424782943 11.7513570143 11.1540549820 -1.40690556484 -1.04443755555 -0.403972413295 -0.333864580072 -0.384269659277 -0.346927871199 17.4407620711 16.4937388913 15.2199571899 13.8623371977 13.0816699254 12.5538031915 12.3276796413 12.2139287106 11.8744017373 11.3589003152 -1.59369595868 -1.30279877521 -0.421277396374 -0.330033409492 -0.0222294219293 -0.307269326906 17.5588406704 16.2390714715 15.2051132982 14.2748240994 12.9831830749 11.9845089906 11.7281833139 11.5419999390 11.3727401283 11.3881733907 -1.79354029588 -1.49282721590 -0.648217803780 -0.407686264637 -0.308219293485 -0.339448685178 17.5034790333 16.3689189632 15.0165076363 14.3756342990 13.3836381347 12.1248252574 11.0862829642 10.9016248234 10.8100985838 11.2249731568 -2.43373871758 -1.75032237824 -1.02663198374 -0.689208330598 -0.587151300983 -1.02327289359 17.1003296866 16.4577360954 15.1625282829 14.3655702680 13.6710124522 12.7164902671 11.6643964665 10.5668655445 10.4906789601 11.1843236114 -3.09289337213 -2.18102072972 -1.16090078513 -0.777074135533 -0.612654896753 -0.934933441098 16.8376823725 15.9881262477 15.4220339289 14.4685678666 13.6675070392 13.0076460984 12.2064020857 11.1612199503 10.1076039819 10.9857107932 -3.38205534454 -2.13307538134 -1.31284728766 -0.765221536588 -0.542669418659 -0.712464240128 18.0245926109 15.8038082905 14.8477902533 14.9295144444 13.7516444953 12.9071388815 12.3370194535 11.5118356492 10.4928718496 10.6425713764 -3.30247855434 -2.42255775091 -1.35471618435 -0.933373753097 -0.584355341051 -0.785973518470 17.4720174829 17.0495841681 14.7513835295 14.2873543439 14.3618882704 13.0780426191 12.3413574449 11.7561146378 10.9085762423 10.6213885943 -3.20880019140 -2.53271833272 -1.50345592160 -1.00349124570 -0.715518902416 -0.834556402264 18.1311460823 16.3448078504 15.9646178590 14.2891416112 13.7304754529 13.7633764522 12.5010911966 11.7392362366 11.1549367784 10.7588664580 -3.24337594912 -2.58406887418 -1.73386936493 -1.08546222301 -0.771926664683 -0.922504295112 17.3969070076 17.1783552964 15.2444654035 15.4729896035 13.7052036089 13.1466393815 13.2465259027 11.9622337064 11.2333483851 11.1619947691 -3.24862108051 -2.72047193623 -1.76463945652 -1.24502037469 -0.786504906627 -0.921017032115 16.6851274127 16.3078318291 16.1993067949 14.7692511019 14.9770545325 13.1135405286 12.6797981991 12.7159713435 11.4469518622 11.3704757825 -3.14839869581 -2.59353731816 -1.83761229583 -1.30038128353 -0.916729597296 -0.764836408600 16.7082631809 15.6277734547 15.1393274783 15.7505397516 14.3154578689 14.4832731879 12.5306614086 12.1651884035 12.1067828702 11.5198078451 -2.88259169491 -2.59163120189 -1.74413739446 -1.32958407981 -0.966037710591 -0.409282581799 16.7637493425 15.6751640135 14.5182640756 14.6628462164 15.3054554756 13.8728641489 13.7503590182 11.7962523734 11.4073084301 11.6440033708 -2.70300673093 -2.42342469574 -1.65125788265 -1.27490410266 -0.957894160800 -0.134924078089 16.8786017862 15.6742914140 14.6685958654 14.0443969900 14.1506287756 14.8587224816 12.9671204281 12.8135726819 10.8834716339 11.1604875822 -2.72113415721 -2.64494893108 -1.66518167295 -1.24414786528 -0.835101600453 -0.320290548239 16.6408962435 15.7937533884 14.5036273238 14.1516013646 13.5163304843 13.5454906397 14.0640939874 12.1969345275 11.9906385677 10.8717311381 -2.76003793513 -2.77069029929 -1.73078913629 -1.32552761944 -1.00016959163 -0.643062718132 16.4844130379 15.6412974403 14.6764597162 13.9643741767 13.7146008464 13.0947593810 12.9534719414 13.5547743855 11.6552806554 11.7679586044 -2.72061762288 -2.81980817766 -1.76420892892 -1.54835396023 -1.24896886653 -1.17087750509 16.9827797817 15.4527328794 14.6769851808 14.1654200026 13.4859810271 13.3088842672 12.6890907400 12.5842156313 13.1913988698 12.1235855510 -2.88590871437 -2.84120156141 -1.89272121351 -1.86849980937 -1.47394947514 -1.61204234432 16.9996648211 15.9243255938 14.3496356551 14.1861859664 13.8023432788 13.1785563209 13.0094044758 12.3896109487 12.2847358399 13.1873902780 -2.88597127417 -2.84099277564 -1.88353866581 -1.86006647117 -1.47124609728 -1.61782320021
