Celtic Sea Herring natural mortality - m (units : NA )
1	5	
1958	2008	
1	6	
1 
1 0.3 0.2 0.1 0.1 0.1
1 0.3 0.2 0.1 0.1 0.1
1 0.3 0.2 0.1 0.1 0.1
1 0.3 0.2 0.1 0.1 0.1
1 0.3 0.2 0.1 0.1 0.1
1 0.3 0.2 0.1 0.1 0.1
1 0.3 0.2 0.1 0.1 0.1
1 0.3 0.2 0.1 0.1 0.1
1 0.3 0.2 0.1 0.1 0.1
1 0.3 0.2 0.1 0.1 0.1
1 0.3 0.2 0.1 0.1 0.1
1 0.3 0.2 0.1 0.1 0.1
1 0.3 0.2 0.1 0.1 0.1
1 0.3 0.2 0.1 0.1 0.1
1 0.3 0.2 0.1 0.1 0.1
1 0.3 0.2 0.1 0.1 0.1
1 0.3 0.2 0.1 0.1 0.1
1 0.3 0.2 0.1 0.1 0.1
1 0.3 0.2 0.1 0.1 0.1
1 0.3 0.2 0.1 0.1 0.1
1 0.3 0.2 0.1 0.1 0.1
1 0.3 0.2 0.1 0.1 0.1
1 0.3 0.2 0.1 0.1 0.1
1 0.3 0.2 0.1 0.1 0.1
1 0.3 0.2 0.1 0.1 0.1
1 0.3 0.2 0.1 0.1 0.1
1 0.3 0.2 0.1 0.1 0.1
1 0.3 0.2 0.1 0.1 0.1
1 0.3 0.2 0.1 0.1 0.1
1 0.3 0.2 0.1 0.1 0.1
1 0.3 0.2 0.1 0.1 0.1
1 0.3 0.2 0.1 0.1 0.1
1 0.3 0.2 0.1 0.1 0.1
1 0.3 0.2 0.1 0.1 0.1
1 0.3 0.2 0.1 0.1 0.1
1 0.3 0.2 0.1 0.1 0.1
1 0.3 0.2 0.1 0.1 0.1
1 0.3 0.2 0.1 0.1 0.1
1 0.3 0.2 0.1 0.1 0.1
1 0.3 0.2 0.1 0.1 0.1
1 0.3 0.2 0.1 0.1 0.1
1 0.3 0.2 0.1 0.1 0.1
1 0.3 0.2 0.1 0.1 0.1
1 0.3 0.2 0.1 0.1 0.1
1 0.3 0.2 0.1 0.1 0.1
1 0.3 0.2 0.1 0.1 0.1
1 0.3 0.2 0.1 0.1 0.1
1 0.3 0.2 0.1 0.1 0.1
1 0.3 0.2 0.1 0.1 0.1
1 0.3 0.2 0.1 0.1 0.1
1 0.3 0.2 0.1 0.1 0.1
