Herring Irish Sea total catch - catch (units : Tonnes )
1	24	
1961	2010	
1	8	
1 
5711.062 4340.737 3943.824 3594.289 5935.279 5667.76 8741.178 8656.09
14146.24 20615.23 26790.52 24418.63 22435.94 38804.82 23880.22 21406.13
16155.96 11987.16 13271.9 10939.88 4814.13 4935.48 3997.786 4225.336
9005.244 7617.298 5608.843 9668.432 4932.065 6230.924 4395.472 5212.198
4351.135 4710.595 5079.612 5300.404 6648.563 4881.125 4127.476 2000.631
5463.021 2389.061 2401.499 2525.744 4413.992 4404.2 4634.488 4899.12
10138.38 4888.59 5711.062 4340.737 3943.824 3594.289 5935.279 5667.76
8741.178 8656.09 14146.24 20615.23 26790.52 24418.63 22435.94 38804.82
23880.22 21406.13 16155.96 11987.16 13271.9 10939.88 4814.13 4935.48
3997.786 4225.336 9005.244 7617.298 5608.843 9668.432 4932.065 6230.924
4395.472 5212.198 4351.135 4710.595 5079.612 5300.404 6648.563 4881.125
4127.476 2000.631 5463.021 2389.061 2401.499 2525.744 4413.992 4404.2
4634.488 4899.12 10138.38 4888.59 5711.062 4340.737 3943.824 3594.289
5935.279 5667.76 8741.178 8656.09 14146.24 20615.23 26790.52 24418.63
22435.94 38804.82 23880.22 21406.13 16155.96 11987.16 13271.9 10939.88
4814.13 4935.48 3997.786 4225.336 9005.244 7617.298 5608.843 9668.432
4932.065 6230.924 4395.472 5212.198 4351.135 4710.595 5079.612 5300.404
6648.563 4881.125 4127.476 2000.631 5463.021 2389.061 2401.499 2525.744
4413.992 4404.2 4634.488 4899.12 10138.38 4888.59 5711.062 4340.737
3943.824 3594.289 5935.279 5667.76 8741.178 8656.09 14146.24 20615.23
26790.52 24418.63 22435.94 38804.82 23880.22 21406.13 16155.96 11987.16
13271.9 10939.88 4814.13 4935.48 3997.786 4225.336 9005.244 7617.298
5608.843 9668.432 4932.065 6230.924 4395.472 5212.198 4351.135 4710.595
5079.612 5300.404 6648.563 4881.125 4127.476 2000.631 5463.021 2389.061
2401.499 2525.744 4413.992 4404.2 4634.488 4899.12 10138.38 4888.59
5711.062 4340.737 3943.824 3594.289 5935.279 5667.76 8741.178 8656.09
14146.24 20615.23 26790.52 24418.63 22435.94 38804.82 23880.22 21406.13
16155.96 11987.16 13271.9 10939.88 4814.13 4935.48 3997.786 4225.336
9005.244 7617.298 5608.843 9668.432 4932.065 6230.924 4395.472 5212.198
4351.135 4710.595 5079.612 5300.404 6648.563 4881.125 4127.476 2000.631
5463.021 2389.061 2401.499 2525.744 4413.992 4404.2 4634.488 4899.12
10138.38 4888.59 5711.062 4340.737 3943.824 3594.289 5935.279 5667.76
8741.178 8656.09 14146.24 20615.23 26790.52 24418.63 22435.94 38804.82
23880.22 21406.13 16155.96 11987.16 13271.9 10939.88 4814.13 4935.48
3997.786 4225.336 9005.244 7617.298 5608.843 9668.432 4932.065 6230.924
4395.472 5212.198 4351.135 4710.595 5079.612 5300.404 6648.563 4881.125
4127.476 2000.631 5463.021 2389.061 2401.499 2525.744 4413.992 4404.2
4634.488 4899.12 10138.38 4888.59 5711.062 4340.737 3943.824 3594.289
5935.279 5667.76 8741.178 8656.09 14146.24 20615.23 26790.52 24418.63
22435.94 38804.82 23880.22 21406.13 16155.96 11987.16 13271.9 10939.88
4814.13 4935.48 3997.786 4225.336 9005.244 7617.298 5608.843 9668.432
4932.065 6230.924 4395.472 5212.198 4351.135 4710.595 5079.612 5300.404
6648.563 4881.125 4127.476 2000.631 5463.021 2389.061 2401.499 2525.744
4413.992 4404.2 4634.488 4899.12 10138.38 4888.59 5711.062 4340.737
3943.824 3594.289 5935.279 5667.76 8741.178 8656.09 14146.24 20615.23
26790.52 24418.63 22435.94 38804.82 23880.22 21406.13 16155.96 11987.16
13271.9 10939.88 4814.13 4935.48 3997.786 4225.336 9005.244 7617.298
5608.843 9668.432 4932.065 6230.924 4395.472 5212.198 4351.135 4710.595
5079.612 5300.404 6648.563 4881.125 4127.476 2000.631 5463.021 2389.061
2401.499 2525.744 4413.992 4404.2 4634.488 4899.12 10138.38 4888.59
