Herring Irish Sea natural mortality - m (units : NA )
1	5	
1961	2010	
1	8	
1 
1 0.3 0.2 0.1 0.1 0.1 0.1 0.1
1 0.3 0.2 0.1 0.1 0.1 0.1 0.1
1 0.3 0.2 0.1 0.1 0.1 0.1 0.1
1 0.3 0.2 0.1 0.1 0.1 0.1 0.1
1 0.3 0.2 0.1 0.1 0.1 0.1 0.1
1 0.3 0.2 0.1 0.1 0.1 0.1 0.1
1 0.3 0.2 0.1 0.1 0.1 0.1 0.1
1 0.3 0.2 0.1 0.1 0.1 0.1 0.1
1 0.3 0.2 0.1 0.1 0.1 0.1 0.1
1 0.3 0.2 0.1 0.1 0.1 0.1 0.1
1 0.3 0.2 0.1 0.1 0.1 0.1 0.1
1 0.3 0.2 0.1 0.1 0.1 0.1 0.1
1 0.3 0.2 0.1 0.1 0.1 0.1 0.1
1 0.3 0.2 0.1 0.1 0.1 0.1 0.1
1 0.3 0.2 0.1 0.1 0.1 0.1 0.1
1 0.3 0.2 0.1 0.1 0.1 0.1 0.1
1 0.3 0.2 0.1 0.1 0.1 0.1 0.1
1 0.3 0.2 0.1 0.1 0.1 0.1 0.1
1 0.3 0.2 0.1 0.1 0.1 0.1 0.1
1 0.3 0.2 0.1 0.1 0.1 0.1 0.1
1 0.3 0.2 0.1 0.1 0.1 0.1 0.1
1 0.3 0.2 0.1 0.1 0.1 0.1 0.1
1 0.3 0.2 0.1 0.1 0.1 0.1 0.1
1 0.3 0.2 0.1 0.1 0.1 0.1 0.1
1 0.3 0.2 0.1 0.1 0.1 0.1 0.1
1 0.3 0.2 0.1 0.1 0.1 0.1 0.1
1 0.3 0.2 0.1 0.1 0.1 0.1 0.1
1 0.3 0.2 0.1 0.1 0.1 0.1 0.1
1 0.3 0.2 0.1 0.1 0.1 0.1 0.1
1 0.3 0.2 0.1 0.1 0.1 0.1 0.1
1 0.3 0.2 0.1 0.1 0.1 0.1 0.1
1 0.3 0.2 0.1 0.1 0.1 0.1 0.1
1 0.3 0.2 0.1 0.1 0.1 0.1 0.1
1 0.3 0.2 0.1 0.1 0.1 0.1 0.1
1 0.3 0.2 0.1 0.1 0.1 0.1 0.1
1 0.3 0.2 0.1 0.1 0.1 0.1 0.1
1 0.3 0.2 0.1 0.1 0.1 0.1 0.1
1 0.3 0.2 0.1 0.1 0.1 0.1 0.1
1 0.3 0.2 0.1 0.1 0.1 0.1 0.1
1 0.3 0.2 0.1 0.1 0.1 0.1 0.1
1 0.3 0.2 0.1 0.1 0.1 0.1 0.1
1 0.3 0.2 0.1 0.1 0.1 0.1 0.1
1 0.3 0.2 0.1 0.1 0.1 0.1 0.1
1 0.3 0.2 0.1 0.1 0.1 0.1 0.1
1 0.3 0.2 0.1 0.1 0.1 0.1 0.1
1 0.3 0.2 0.1 0.1 0.1 0.1 0.1
1 0.3 0.2 0.1 0.1 0.1 0.1 0.1
1 0.3 0.2 0.1 0.1 0.1 0.1 0.1
1 0.3 0.2 0.1 0.1 0.1 0.1 0.1
1 0.3 0.2 0.1 0.1 0.1 0.1 0.1
