Herring Irish Sea maturity-at-age ogive - mat (units : NA )
1	6	
1961	2010	
1	8	
1 
0 0.22 0.63 1 1 1 1 1
0 0.24 0.83 0.92 1 1 1 1
0 0.34 0.88 0.89 1 1 1 1
0 0.53 0.81 1 1 1 1 1
0 0.61 0.9 1 1 1 1 1
0 0.47 0.91 1 1 1 1 1
0.02 0.37 0.75 0.83 1 1 1 1
0 0.88 0.94 0.94 1 1 1 1
0 0.71 0.92 0.94 1 1 1 1
0.02 0.92 0.94 0.96 1 1 1 1
0.15 0.87 0.97 0.98 1 1 1 1
0.11 0.88 0.9 1 1 1 1 1
0.12 0.77 0.89 0.97 1 1 1 1
0.36 0.99 0.96 1 1 1 1 1
0.4 0.99 1 0.94 1 1 1 1
0.07 0.96 0.98 1 1 1 1 1
0.03 0.92 0.96 1 1 1 1 1
0.04 0.81 0.88 0.91 1 1 1 1
0 0.84 0.81 0.78 1 1 1 1
0.2 0.88 0.95 0.95 1 1 1 1
0.19 0.89 0.9 0.94 1 1 1 1
0.1 0.8 0.89 0.91 1 1 1 1
0.02 0.73 0.88 0.9 1 1 1 1
0 0.69 0.83 0.93 1 1 1 1
0.14 0.62 0.71 0.88 1 1 1 1
0.31 0.73 0.66 0.81 1 1 1 1
0 0.85 0.91 0.87 1 1 1 1
0 0.9 0.96 0.99 1 1 1 1
0.07 0.63 0.93 0.95 1 1 1 1
0.06 0.66 0.9 0.95 1 1 1 1
0.04 0.3 0.74 0.82 1 1 1 1
0.28 0.48 0.72 0.81 1 1 1 1
0 0.46 0.99 1 1 1 1 1
0.19 0.68 0.99 0.97 1 1 1 1
0.1 0.86 0.94 0.99 1 1 1 1
0.02 0.6 0.96 0.83 1 1 1 1
0.04 0.82 0.95 1 1 1 1 1
0.3 0.83 0.97 0.99 1 1 1 1
0.02 0.84 0.95 0.97 1 1 1 1
0.14 0.79 0.99 1 1 1 1 1
0.15 0.54 0.88 0.97 1 1 1 1
0.02 0.92 0.95 0.98 1 1 1 1
0.11 0.76 0.95 0.97 1 1 1 1
0.11 1 0.97 1 1 1 1 1
0.2 0.97 0.99 1 1 1 1 1
0.19 0.89 1 1 1 1 1 1
0.16 0.94 0.98 1 1 1 1 1
0.16 0.84 1 1 1 1 1 1
0.13 0.82 0.97 0.98 1 1 1 1
0.11 0.92 1 0.98 0.97 1 1 1
