Herring Irish Sea catch weight-at-age - catch.wt (units : Kg )
1	3	
1961	2010	
1	8	
1 
0.082 0.123 0.178 0.198 0.232 0.226 0.253 0.248
0.067 0.125 0.152 0.177 0.199 0.214 0.275 0.251
0.067 0.131 0.184 0.208 0.228 0.234 0.266 0.258
0.078 0.129 0.156 0.171 0.226 0.24 0 0.296
0.065 0.132 0.176 0.192 0.21 0.23 0.272 0.265
0.092 0.14 0.185 0.218 0.258 0.253 0.225 0.264
0.093 0.149 0.18 0.199 0.223 0.243 0.227 0.275
0.091 0.153 0.196 0.231 0.246 0.269 0.234 0.264
0.074 0.152 0.204 0.231 0.254 0.266 0.239 0.27
0.101 0.162 0.206 0.225 0.245 0.251 0.269 0.258
0.108 0.158 0.189 0.214 0.225 0.266 0.241 0.241
0.074 0.155 0.195 0.219 0.232 0.251 0.258 0.278
0.074 0.155 0.195 0.219 0.232 0.251 0.258 0.278
0.074 0.155 0.195 0.219 0.232 0.251 0.258 0.278
0.074 0.155 0.195 0.219 0.232 0.251 0.258 0.278
0.074 0.155 0.195 0.219 0.232 0.251 0.258 0.278
0.074 0.155 0.195 0.219 0.232 0.251 0.258 0.278
0.074 0.155 0.195 0.219 0.232 0.251 0.258 0.278
0.074 0.155 0.195 0.219 0.232 0.251 0.258 0.278
0.074 0.155 0.195 0.219 0.232 0.251 0.258 0.278
0.074 0.155 0.195 0.219 0.232 0.251 0.258 0.278
0.074 0.155 0.195 0.219 0.232 0.251 0.258 0.278
0.074 0.155 0.195 0.219 0.232 0.251 0.258 0.278
0.076 0.142 0.187 0.213 0.221 0.243 0.24 0.273
0.087 0.125 0.157 0.186 0.202 0.209 0.222 0.258
0.068 0.143 0.167 0.188 0.215 0.228 0.239 0.254
0.058 0.13 0.16 0.175 0.194 0.21 0.218 0.229
0.07 0.124 0.16 0.17 0.18 0.198 0.212 0.232
0.081 0.128 0.155 0.174 0.184 0.195 0.205 0.218
0.096 0.14 0.166 0.175 0.187 0.195 0.207 0.218
0.073 0.123 0.155 0.171 0.181 0.19 0.198 0.217
0.062 0.114 0.14 0.155 0.165 0.174 0.181 0.197
0.089 0.127 0.157 0.171 0.182 0.191 0.198 0.212
0.07 0.123 0.153 0.17 0.18 0.189 0.202 0.212
0.075 0.121 0.146 0.164 0.176 0.181 0.193 0.207
0.067 0.116 0.148 0.162 0.177 0.199 0.2 0.214
0.064 0.118 0.146 0.165 0.176 0.188 0.204 0.216
0.08 0.123 0.148 0.163 0.181 0.177 0.188 0.222
0.069 0.12 0.145 0.167 0.176 0.188 0.19 0.21
0.064 0.12 0.148 0.168 0.188 0.204 0.2 0.213
0.067 0.106 0.139 0.156 0.168 0.185 0.198 0.205
0.085 0.113 0.144 0.167 0.18 0.184 0.191 0.217
0.081 0.116 0.136 0.16 0.167 0.172 0.186 0.199
0.073 0.107 0.13 0.157 0.165 0.187 0.2 0.205
0.067 0.103 0.136 0.156 0.166 0.18 0.191 0.209
0.064 0.105 0.131 0.149 0.164 0.177 0.184 0.211
0.067 0.112 0.135 0.158 0.173 0.183 0.199 0.227
0.071 0.11 0.135 0.153 0.156 0.182 0.196 0.206
0.068 0.107 0.133 0.155 0.165 0.182 0.194 0.212
0.053 0.106 0.131 0.145 0.153 0.164 0.175 0.172
