WBSS Herring fishing mortality - harvest (units : f )
1	12	
1991	2010	
0	8	
1 
0.02789539 0.2591366 0.3196058 0.4222042 0.3952059 0.3708877 0.2345991 0.4115808 0.4115808
0.04698485 0.1742348 0.3715834 0.3707844 0.4769593 0.4894899 0.5634016 0.4533533 0.4533533
0.07969273 0.2982389 0.3513845 0.4747946 0.4964298 0.6334943 0.5658578 0.5491406 0.5491406
0.05050082 0.1602491 0.4214709 0.5038135 0.6465097 0.701658 0.9280216 0.5933288 0.5933288
0.167467 0.6394571 0.5724441 0.5063769 0.5230764 0.4322244 0.5884667 0.7345712 0.7345712
0.04505735 0.3786918 0.3789309 0.5623639 0.7134866 0.8157016 0.7135064 0.6914944 0.6914944
0.1154394 0.3062179 0.3586155 0.4914923 0.428245 0.4809362 0.6421302 0.5351588 0.5351588
0.1199190 0.3515488 0.4042208 0.4045385 0.5283558 0.4985941 0.5365908 0.5533288 0.5533288
0.1074181 0.2359346 0.3947868 0.4269664 0.3578664 0.3928343 0.3153917 0.4256496 0.4256496
0.0530139 0.3186252 0.3681872 0.4004437 0.4153743 0.5385362 0.51306 0.5137119 0.5137119
0.2173484 0.3193557 0.3328317 0.3320603 0.4281332 0.4070491 0.6427473 0.4973792 0.4973792
0.06068954 0.3717468 0.3457612 0.3809783 0.3873266 0.4233761 0.4241718 0.4957811 0.4957811
0.01614568 0.08136456 0.3033737 0.3406304 0.4061334 0.4267377 0.3976356 0.3462221 0.3462221
0.1138696 0.2288662 0.2096907 0.3136902 0.3376489 0.3495798 0.3672519 0.3636714 0.3636714
0.06284552 0.2513686 0.298265 0.2954531 0.4391644 0.3840344 0.4578492 0.4237955 0.4237955
0.007116431 0.1560290 0.3608371 0.4073986 0.4309890 0.4979962 0.4835357 0.4309890 0.4309890
0.006806483 0.1492333 0.3451213 0.3896548 0.4122178 0.4763066 0.4624758 0.4122178 0.4122178
0.007416852 0.1626157 0.3760699 0.4245969 0.4491833 0.5190192 0.5039482 0.4491833 0.4491833
0.008092772 0.1774354 0.4103423 0.4632917 0.4901187 0.5663189 0.5498745 0.4901187 0.4901187
0.004720021 0.1034873 0.2393277 0.2702098 0.2858564 0.3302994 0.3207083 0.2858564 0.2858564
