WBSS Herring stock numbers at age - stock.n (units : NA )
1	13	
1991	2010	
0	8	
1 
5001715 4548841 2171382 1795620 939352.2 628068.1 244323.2 43005.24 16021.82
3654685 3603427 2129178 1291440 963817 518004.8 354873.3 158205.2 67818.54
3108187 2583190 1836113 1202199 729769.7 489773.1 259951.4 165398.8 63484.54
6178461 2126222 1162748 1057879 612233 363689 212820.3 120860.5 80781.99
4046433 4351708 1098667 624574.4 523327.7 262592.5 147620.0 68884.17 42864.56
4491298 2535444 1392515 507455.4 308182.9 253948.5 139543.9 67099.36 54874.84
3988814 3180646 1053036 780500.7 236759.5 123619.3 91967 55973.17 63686.6
5614285 2632817 1420298 602336.8 390896.7 126317.7 62569.05 39618.64 36305.08
6455978 3689147 1123564 776192.7 329072.5 188686.6 62815.75 29954.51 19228.03
3415970 4295588 1767314 619848 414649.9 188370.7 104298.1 37517.75 29108.46
4456945 2399949 1894516 1001274 340028.9 224092.8 90005.94 51120.88 18672.93
2949392 2656781 1057695 1111968 588142 181435 122120.8 38749.90 23316.57
3864124 2056302 1111120 612828.9 621980.5 326895.9 97272.98 65420.73 33058.99
2611938 2816766 1149750 671658.4 356899.9 339262.9 174671.0 53510.92 39615.2
2028331 1726719 1358965 763268.1 401842.3 208472.4 195819.9 99052.71 40025.78
1585196 1411098 814528.6 825685.1 465055.3 212065.5 116253.4 101427.7 54164.85
1620155 1166015 732229.6 464876.8 449805.3 247439.8 105519.8 58688.07 47875.16
1479130 1192099 609179.9 424525.8 257782.9 243860.7 125821.1 54403.21 52691.91
2159680 1087670 614528.3 342421.9 227323.9 134684.4 118816.2 62234.69 35390.62
3961260 1587035 552446.9 333790.2 176399.6 114006.7 62590.62 56131.86 49740.11
