Celtic Sea Herring stock numbers at age - stock.n (units : NA )
1	13	
1958	2011	
1	6	
1 
296749.2 28016.41 110568.8 69624.72 41845.44 183405.1
877840.1 108213.0 17559.68 60827.68 38618.00 121824.6
191417.0 322239.3 58288.18 12327.73 36785.37 51176.72
221308.9 68768.79 177227.9 25674.64 7572.925 53475.87
569088.3 80177.51 37282.1 116262 17888.86 47195.58
286381 208906.7 43597.92 12793.92 59713.87 26988.69
1086254 105180.9 110598.5 23999.08 7616.665 56670.82
341356.7 395232.8 65065.7 75016.64 15402.66 115717.0
701444.1 125545.0 232901.0 44835.82 52926.56 87240.09
715913.2 253924.3 76316.79 136876.9 31153.76 90068.1
840788.7 258953.4 153990.5 44462.31 77335.1 52511.48
445611.9 302224 145180.2 90497.55 29283.68 67695
215682.2 158434.3 144767.7 69583.26 50496.25 53141.77
858506.8 78578.02 85670.14 73635.77 37888.26 44232.25
265140.8 308474.6 38426.37 36571.31 27077.90 20593.07
291593.9 92658.98 112498.7 15518.42 18102.94 22914.25
130010.7 93717.94 36451.7 42335.4 7409.532 14810.30
145243.5 44641.37 33376.3 14504.49 17026.79 14168.19
175521 46090.54 20004.63 11488.67 6194.74 21088.43
170146.5 56900.05 24691.92 9851.85 3783.925 9057.548
134982.2 57875.39 31497.76 12499.99 3927.647 8342.522
238310.1 48032.08 31485.44 15090.38 6029.488 7899.485
148348.4 81114.5 23771.65 14681.39 5503.908 10207.28
405411.6 50433.03 34635.99 9003.44 7055.686 8601.006
672638 126540.6 19402.68 8974.679 2955.506 8868.493
744616.4 238549.5 57547.57 8088.485 3571.297 3718.982
573187.1 266067.9 89967.07 23018.11 4266.002 3259.574
517082.7 199556.5 118452.2 36932.85 5731.722 1536.082
539117.5 179845.2 99391.7 64448.58 18250.52 2628.574
979144.3 195912.2 85110.43 43044.01 27200.62 8832.653
394043.5 356731.9 88385.07 31279.81 17211.83 12408.80
476177.2 143618.9 194470.7 44617.60 19395.21 18615.15
430085.6 170379.6 70397.67 97927.24 21828.9 17848.27
181263.5 156648.4 90707.84 35561.23 55214.97 17502.40
962532.4 65571.9 62131.95 39981.84 16183.81 44782.8
331173.6 348046.0 25988.81 19721.48 10209.86 22927.28
704501.1 120896.7 177922.4 12881.82 8188.396 23455.36
685673.7 252128 59205.26 90340.86 8536.75 20315.89
343402.1 246755.5 119648.6 28247.38 47157.27 18129.53
374906.3 124310.3 130149.1 63658.86 18028.68 18899.99
244777.9 135683.3 60322.18 59108.33 27883.12 15668.12
517527.5 86673.4 65301.1 25175.84 26752.82 22942.07
457689 182110.8 35419.17 21352.04 8963.947 16774.41
427987.4 162598.5 69633.66 12121.67 7936.494 7043.661
543683.3 148341.3 67910.2 25090.24 5341.316 7774.33
117836.3 197977.6 87324.04 38958.14 17665.14 20472.9
305664.2 41776.59 115123.9 49547.75 21272.26 5297.133
982323.9 109963.6 22889.14 52879.59 24150.63 7510.003
369329.6 351029.4 63312.38 12220.84 30067.06 16019.57
827992.8 133866.8 228622 41663.71 8721.157 16843.42
373767.2 301103.6 89714.17 157921.6 31340.84 10936.98
1432574 136639.0 211213.5 66956.99 129217.0 24142.98
417055.7 524474.1 97068.21 161056.9 56079.64 137905.0
417055.7 152465.9 367937.9 72458.24 131807.5 160032.2
