NSH Herring fishing mortality - harvest (units : f )
1	12	
1960	2009	
0	9	
1 
0.02574284 0.2559359 0.4374708 0.3297896 0.340212 0.2698993 0.3151091 0.6202578 0.5955616 0.5955616
0.01858824 0.1293798 0.6173758 0.3540129 0.4111696 0.4073163 0.3887421 0.2519897 0.5499887 0.5499887
0.004857388 0.08967266 0.2502339 0.6274712 0.4244204 0.5399135 0.8362551 0.6567544 0.5868782 0.5868782
0.01478961 0.1240612 0.2975242 0.2755615 0.2272636 0.1518218 0.1844985 0.2960339 0.3534976 0.3534976
0.01258623 0.3084353 0.3889584 0.4123912 0.3704193 0.3082263 0.2400504 0.2872058 0.5905144 0.5905144
0.007143512 0.2461299 0.7753474 0.7388401 0.7767181 0.6603425 0.5209256 0.4628246 0.8905817 0.8905817
0.02145791 0.1852388 0.5920815 0.7082401 0.5717552 0.8346774 0.3907879 0.3895421 0.748633 0.748633
0.02563555 0.2980504 0.422235 0.8046292 0.9244384 0.8275298 1.010112 1.536828 1.076481 1.076481
0.03481149 0.3002498 1.327306 1.872224 1.071647 1.233991 1.174453 1.601684 1.676818 1.676818
0.008238172 0.3291056 0.784408 0.9126098 0.87442 1.054648 1.900945 1.298798 1.330364 1.330364
0.03510148 0.2680607 0.9728442 1.267049 1.331305 0.876253 1.081545 4.122059 1.742778 1.742778
0.03397157 0.6021804 0.8826175 1.214785 1.226798 1.087038 2.628918 2.743295 1.959795 1.959795
0.05830911 0.5782635 0.8122282 0.8014481 0.7996952 0.5499246 0.5201935 0.09977124 1.099597 1.099597
0.04619983 0.6739702 1.022376 1.334182 0.9879465 0.9516719 1.380915 0.8135505 1.619188 1.619188
0.07495212 0.452036 1.028819 0.973675 0.994873 1.186639 1.079284 0.7774393 1.374312 1.374312
0.1582624 0.6884375 1.314261 1.505364 1.376327 1.893098 1.277941 2.039642 2.080652 2.080652
0.1471847 0.2510508 1.341553 1.447533 1.744625 1.619073 1.104461 1.517013 1.683363 1.683363
0.09778987 0.2983299 0.2273827 1.421767 0.4388706 1.222476 0.7661961 0.7977172 0.9894413 0.9894413
0.04561793 0.2006653 0.02433139 0.04300972 0.105683 0.01711883 0.07941844 0.0644759 0.1993385 0.1993385
0.083747 0.1670492 0.09502297 0.06682723 0.09495012 0.05315146 0.01280347 0.4529847 0.2490694 0.2490694
0.1258719 0.1133039 0.3649369 0.4211498 0.2991051 0.2694031 0.06835163 0.1049279 0.3809962 0.3809962
0.4822165 0.2857669 0.324491 0.2766902 0.3055837 0.4165956 0.4415147 0.9965562 0.6504193 0.6504193
0.3345558 0.2251992 0.2609733 0.5092484 0.2486825 0.1556973 0.1468505 0.2371677 0.4544292 0.4544292
0.3998236 0.2518700 0.3024553 0.3252089 0.4377708 0.2777677 0.3486088 0.3980662 0.5380664 0.5380664
0.2264703 0.2053172 0.3148049 0.4303415 0.5390206 0.6304763 0.3638644 0.7092367 0.6305582 0.6305582
0.08531661 0.3831122 0.4047319 0.6723841 0.7398487 0.6679932 0.7371223 0.5670513 0.8971139 0.8971139
0.06195776 0.3159828 0.4600103 0.5234332 0.5839083 0.5571158 0.7414049 0.8345056 0.835954 0.835954
0.1614404 0.3724859 0.4066822 0.506623 0.590916 0.6203684 0.6422858 0.6271237 0.8262087 0.8262087
0.1247302 0.5803473 0.3559203 0.4014664 0.5841581 0.6680487 0.6829116 0.7055905 0.9623706 0.9623706
0.1303117 0.4310887 0.3987206 0.4105377 0.5573658 0.6611778 0.708826 0.7243905 0.8688489 0.8688489
0.05887783 0.4527057 0.3773502 0.3700902 0.4682433 0.5024782 0.4986827 0.6960268 0.8086215 0.8086215
0.1178547 0.3082005 0.5741585 0.4553957 0.4587321 0.4847335 0.4817589 0.4313076 0.7400162 0.7400162
0.2967334 0.3872125 0.5727086 0.4981599 0.5743451 0.5484874 0.7248097 0.7068996 0.8970386 0.8970386
0.3761026 0.4221388 0.6685587 0.6408413 0.7328861 0.7151399 0.7043484 0.8867284 1.046546 1.046546
0.2263023 0.2460424 0.6837089 0.716235 0.9116612 0.5566919 0.6765854 0.4824257 0.8850118 0.8850118
0.3223363 0.2931471 0.5998989 0.8669505 0.8669226 0.8240693 0.5385746 0.6581933 0.9572787 0.9572787
0.07584806 0.2542533 0.3086219 0.4902449 0.4183129 0.4780035 0.3147008 0.1426659 0.5581633 0.5581633
0.02398034 0.04559094 0.2875925 0.3918232 0.511724 0.4526368 0.4608267 0.2417554 0.4194385 0.4194385
0.01509334 0.1600995 0.2682388 0.4085614 0.4247250 0.6075447 0.7219118 0.3771094 0.5571666 0.5571666
0.0371743 0.04941211 0.2474513 0.4206809 0.388695 0.3386743 0.4534885 0.4605280 0.4125444 0.4125444
0.04376704 0.07984775 0.2311545 0.3170574 0.4665699 0.4793774 0.3159791 0.3958503 0.4121541 0.4121541
0.03240791 0.06986187 0.1270322 0.3025679 0.3038615 0.39604 0.3422713 0.2114949 0.3138901 0.3138901
0.03856206 0.04174734 0.1462164 0.2239436 0.2849825 0.2207973 0.3446133 0.2780932 0.2684911 0.2684911
0.0310161 0.0941856 0.1320715 0.2046686 0.2899446 0.3639487 0.2345661 0.3871822 0.3185907 0.3185907
0.05907963 0.06407668 0.1498561 0.2344570 0.3299128 0.3834899 0.3929475 0.348569 0.3299128 0.3299128
0.07243465 0.07856128 0.1837312 0.2874562 0.4044899 0.4701783 0.4817737 0.4273634 0.4044899 0.4044899
0.0692 0.07505304 0.1755265 0.2746196 0.386427 0.449182 0.4602596 0.4082791 0.386427 0.386427
0.06712092 0.07279811 0.1702529 0.2663687 0.374817 0.4356865 0.4464313 0.3960125 0.374817 0.374817
0.04679468 0.05075265 0.1186952 0.1857043 0.2613111 0.3037475 0.3112384 0.2760880 0.2613111 0.2613111
0.03474581 0.03768466 0.0881331 0.1378884 0.1940277 0.2255374 0.2310996 0.2049998 0.1940277 0.1940277
