Catch in Numbers (thousands)
1 2
1958 2008
1 7
1
        1642        3742       33094       25746       12551       23949       31061      
        1203       25717        2274       19262       11015        5830       28918
        2840       72246       24658        3779       13698        4431       14626        
        2129       16058       32044        5631        2034        5067        9296         
         772       18567       19909       48061        8075        3584       17720       
         297       51935       13033        4179       20694        2686        6667        
        7529       15058       17250        6658        1719        8716        4074          
          57       70248        9365       15757        3399        4539       20997         
        7093       19559       59893        9924       13211        5602       16174         
        7599       39991       20062       49113        9218        9444       17206        
       12197       54790       39604       11544       22599        4929       10416          
        9472       93279       55039       33145       12217       17837       10405           
        1319       37260       50087       26481       18763        7853       11893          
       12658       23313       37563       41904       18759       10443       11457         
        8422      137690       17855       15842       14531        4645        6406          
       23547       38133       55805        7012        9651        5323        6893         
        5507       42808       17184       22530        4225        3737        4708        
       12768       15429       17783        7333        9006        3520        3974        
       13317       11113        7286        7011        2872        4785        4992        
        8159       12516        8610        5280        1585        1898        1896           
        2800       13385       11948        5583        1580        1476        1880        
       11335       13913       12399        8636        2889        1316        2469         
        7162       30093       11726        6585        2812        2204        3011         
       39361       21285       21861        5505        4438        3436        1974           
       15339       42725        8728        4817        1497        1891        2601         
       13540      102871       26993        3225        1862         327        1612          
       19517       92892       41121       16043        2450        1085         787          
       17916       57054       36258       16032        2306         228         390         
        4159       56747       42881       32930        8790        1127         139           
        5976       67000       43075       23014       14323        2716        1935  
        2307       82027       30962        9398        5963        3047        1252           
        8260       42413       68399       19601        8205        3837        4038         
        2702       41756       24634       35258        8116        3808        2828          
        1912       63854       38342       16916       28405        4869        4135        
       10410       26752       35019       27591       10139       18061        9995        
        1608       94061        9372       10221        4491        2790        7295        
       12130       35768       61737        3289        3025        4773        3892         
        9450       79159       22591       36541        3686        3420        5352          
        3476       61923       38244        7943       16114        2077        4118        
        3849       37440       53040       31442        8318        6142        2578         
        5818       41510       27102       28274       13178        3746        3659         
       14274       34072       36086       14642       15515        8877        4428       
        9953       77378       18952       12060        5230        6227        3560         
       15724       62153       35816        5953        4249        1774        1997          
        3495       26472       18532        5309       1416         1269         792         
        2711       37006       24444       14763       5719         3363        3265          
        4276        9470       46243       21863       8638         1412         739           
        15419      30710        5766       18666       7349         1923         572
        1460       33894       10914        2469       6261         2331         666
        8043       11028       36223        5509       1365         2040         469
        1288       12468        8144       15565       2328          518         391