Landings (tonnes)
1  1
1958  2007
1  9
5
       22978
       15086
       18283
       15372
       21552
       17349
       10599
       19126
       27030
       27658
       30236
       44389
       31727
       31396
       38203
       26936
       19940
       15588
        9771
        7833
        7559
       10321
       13130
       17103
       13000
       24981
       26779
       20426
       25024
       26200
       20447
       23254
       18404
       25562
       21127
       18618
       19300
       23305
       18816
       20496
       18041
       18485
       17191
       15269
        7465
       11536
       12743
        9494
        6944
        7636
