Proportion of F before Spawning
1 7
1958 2018
1 9
1
   0.5 0.5 0.5 0.5 0.5 0.5 0.5 0.5 0.5			
   0.5 0.5 0.5 0.5 0.5 0.5 0.5 0.5 0.5			
   0.5 0.5 0.5 0.5 0.5 0.5 0.5 0.5 0.5			
   0.5 0.5 0.5 0.5 0.5 0.5 0.5 0.5 0.5			
   0.5 0.5 0.5 0.5 0.5 0.5 0.5 0.5 0.5			
   0.5 0.5 0.5 0.5 0.5 0.5 0.5 0.5 0.5			
   0.5 0.5 0.5 0.5 0.5 0.5 0.5 0.5 0.5			
   0.5 0.5 0.5 0.5 0.5 0.5 0.5 0.5 0.5			
   0.5 0.5 0.5 0.5 0.5 0.5 0.5 0.5 0.5			
   0.5 0.5 0.5 0.5 0.5 0.5 0.5 0.5 0.5			
   0.5 0.5 0.5 0.5 0.5 0.5 0.5 0.5 0.5			
   0.5 0.5 0.5 0.5 0.5 0.5 0.5 0.5 0.5			
   0.5 0.5 0.5 0.5 0.5 0.5 0.5 0.5 0.5			
   0.5 0.5 0.5 0.5 0.5 0.5 0.5 0.5 0.5			
   0.5 0.5 0.5 0.5 0.5 0.5 0.5 0.5 0.5			
   0.5 0.5 0.5 0.5 0.5 0.5 0.5 0.5 0.5			
   0.5 0.5 0.5 0.5 0.5 0.5 0.5 0.5 0.5			
   0.5 0.5 0.5 0.5 0.5 0.5 0.5 0.5 0.5			
   0.5 0.5 0.5 0.5 0.5 0.5 0.5 0.5 0.5			
   0.5 0.5 0.5 0.5 0.5 0.5 0.5 0.5 0.5			
   0.5 0.5 0.5 0.5 0.5 0.5 0.5 0.5 0.5			
   0.5 0.5 0.5 0.5 0.5 0.5 0.5 0.5 0.5			
   0.5 0.5 0.5 0.5 0.5 0.5 0.5 0.5 0.5			
   0.5 0.5 0.5 0.5 0.5 0.5 0.5 0.5 0.5			
   0.5 0.5 0.5 0.5 0.5 0.5 0.5 0.5 0.5			
   0.5 0.5 0.5 0.5 0.5 0.5 0.5 0.5 0.5			
   0.5 0.5 0.5 0.5 0.5 0.5 0.5 0.5 0.5			
   0.5 0.5 0.5 0.5 0.5 0.5 0.5 0.5 0.5			
   0.5 0.5 0.5 0.5 0.5 0.5 0.5 0.5 0.5			
   0.5 0.5 0.5 0.5 0.5 0.5 0.5 0.5 0.5			
   0.5 0.5 0.5 0.5 0.5 0.5 0.5 0.5 0.5			
   0.5 0.5 0.5 0.5 0.5 0.5 0.5 0.5 0.5			
   0.5 0.5 0.5 0.5 0.5 0.5 0.5 0.5 0.5			
   0.5 0.5 0.5 0.5 0.5 0.5 0.5 0.5 0.5			
   0.5 0.5 0.5 0.5 0.5 0.5 0.5 0.5 0.5			
   0.5 0.5 0.5 0.5 0.5 0.5 0.5 0.5 0.5			
   0.5 0.5 0.5 0.5 0.5 0.5 0.5 0.5 0.5			
   0.5 0.5 0.5 0.5 0.5 0.5 0.5 0.5 0.5			
   0.5 0.5 0.5 0.5 0.5 0.5 0.5 0.5 0.5			
   0.5 0.5 0.5 0.5 0.5 0.5 0.5 0.5 0.5			
   0.5 0.5 0.5 0.5 0.5 0.5 0.5 0.5 0.5			
   0.5 0.5 0.5 0.5 0.5 0.5 0.5 0.5 0.5			
   0.5 0.5 0.5 0.5 0.5 0.5 0.5 0.5 0.5			
   0.5 0.5 0.5 0.5 0.5 0.5 0.5 0.5 0.5			
   0.5 0.5 0.5 0.5 0.5 0.5 0.5 0.5 0.5			
   0.5 0.5 0.5 0.5 0.5 0.5 0.5 0.5 0.5			
   0.5 0.5 0.5 0.5 0.5 0.5 0.5 0.5 0.5			
   0.5 0.5 0.5 0.5 0.5 0.5 0.5 0.5 0.5			
   0.5 0.5 0.5 0.5 0.5 0.5 0.5 0.5 0.5			
   0.5 0.5 0.5 0.5 0.5 0.5 0.5 0.5 0.5			
   0.5 0.5 0.5 0.5 0.5 0.5 0.5 0.5 0.5			
   0.5 0.5 0.5 0.5 0.5 0.5 0.5 0.5 0.5			
   0.5 0.5 0.5 0.5 0.5 0.5 0.5 0.5 0.5			
   0.5 0.5 0.5 0.5 0.5 0.5 0.5 0.5 0.5			
   0.5 0.5 0.5 0.5 0.5 0.5 0.5 0.5 0.5			
   0.5 0.5 0.5 0.5 0.5 0.5 0.5 0.5 0.5			
   0.5 0.5 0.5 0.5 0.5 0.5 0.5 0.5 0.5			
   0.5 0.5 0.5 0.5 0.5 0.5 0.5 0.5 0.5			
   0.5 0.5 0.5 0.5 0.5 0.5 0.5 0.5 0.5
   0.5 0.5 0.5 0.5 0.5 0.5 0.5 0.5 0.5	
   0.5 0.5 0.5 0.5 0.5 0.5 0.5 0.5 0.5				 		