1 CATCH IN NUMBER 

Units   :	 NA 
    year
age     1981   1982    1983    1984    1985    1986    1987    1988    1989
  1   258000 148000 2283000 2291000 1305000  650000  838000  425000  865000
  2   348000 274000  567000 2331000 2044000  816000  578000  721000  718000
  3   681000 326000  270000  455000 1933000 1862000  728000  614000 1340000
  4   334000 548000  286000  260000  303000 1717000 1897000  683000  791000
  5   548000 264000  299000  285000  188000  393000  726000 1303000  837000
  6   559000 276000  304000  445000  321000  187000  137000  618000  708000
  7   466000 266000  287000  262000  257000  201000  105000   84000  139000
  8   634000 272000  286000  193000  174000  198000  123000   53000   50000
  9   578000 284000  225000  154000   93000  174000  103000   33000   25000
  10 1460000 673000  334000  255000  259000  398000  195000   50000   38000
    year
age     1990    1991    1992    1993    1994   1995    1996    1997    1998
  1  1611000  266686  407730  263184  306951 296100 1893453 2131494 1656926
  2   703000 1024468  653838  305180  107935 353949  534221 1519327 4181175
  3   672000  513959 1641714  621085  367962 421560  632361  904074 3541231
  4   753000  301627  569094 1571236  389264 465358  537280  577676 1044897
  5   520000  363204  217386  411367 1221919 615994  323324  295671  383658
  6   577000  258038  154044  191241  281120 800201  497458  251642  322777
  7   299000  159153  109580  107005  174256 253818  663133  282056  303058
  8    78000   49431   79663   64769   90429 159797  232420  406910  264105
  9    27000    5060   31987   38118   79014  59670   98415  104320  212452
  10   95000    9570   11706   17476   30614  41811   82521  169235   85513
    year
age     1999    2000    2001    2002    2003    2004    2005    2006    2007
  1   788200 1814851 4363690 1821053 3742841 2156261 1427277  412961  167027
  2  1549100 1192657 4486315 3232244 4073497 4426323 1518938  939865  306898
  3  5820800 3465739 2962163 3291844 8378955 6723748 5083550 4206005 1795021
  4  3460600 5014862 3806520 2242722 4824590 6697923 5871414 6150696 4210891
  5   412800 1550063 2592933 1824047 2035096 3044943 4450171 3833536 3867367
  6   207200  513663  585666 1647122 1117179 1276412 1419089 1718775 2353478
  7   151200  213057  170020  344403  400022  649885  518304  506198  935541
  8   153100  151429   97032  168848  121280  249097  249443  181181  320529
  9    68800   58277   76624  102576   19701   75415  100374   67573  130202
  10  140500  139791   66410  142743   27493   36805   55226   36688   88573

2 WEIGHTS AT AGE IN THE CATCH 

Units   :	 NA 
    year
age   1981  1982  1983  1984  1985  1986  1987  1988  1989  1990  1991  1992
  1  0.052 0.045 0.046 0.035 0.038 0.040 0.048 0.053 0.059 0.045 0.055 0.057
  2  0.065 0.072 0.074 0.078 0.074 0.073 0.086 0.076 0.079 0.070 0.091 0.083
  3  0.103 0.111 0.118 0.089 0.097 0.108 0.106 0.097 0.103 0.106 0.107 0.119
  4  0.125 0.143 0.140 0.132 0.114 0.130 0.124 0.128 0.126 0.123 0.136 0.140
  5  0.141 0.156 0.153 0.153 0.157 0.165 0.147 0.142 0.148 0.147 0.174 0.167
  6  0.155 0.177 0.176 0.161 0.177 0.199 0.177 0.157 0.158 0.168 0.190 0.193
  7  0.170 0.195 0.195 0.175 0.199 0.209 0.208 0.179 0.171 0.175 0.206 0.226
  8  0.178 0.200 0.200 0.189 0.208 0.243 0.221 0.199 0.203 0.214 0.230 0.235
  9  0.187 0.204 0.204 0.186 0.218 0.246 0.222 0.222 0.224 0.217 0.232 0.284
  10 0.213 0.231 0.228 0.206 0.237 0.257 0.254 0.260 0.253 0.256 0.266 0.294
    year
age   1993  1994  1995  1996  1997  1998  1999  2000  2001  2002  2003  2004
  1  0.066 0.061 0.064 0.041 0.047 0.048 0.063 0.057 0.050 0.054 0.049 0.042
  2  0.082 0.087 0.091 0.080 0.072 0.072 0.078 0.075 0.078 0.074 0.075 0.066
  3  0.109 0.108 0.118 0.102 0.102 0.094 0.088 0.086 0.094 0.093 0.098 0.089
  4  0.137 0.137 0.143 0.116 0.121 0.125 0.109 0.104 0.108 0.115 0.108 0.102
  5  0.163 0.164 0.154 0.147 0.140 0.149 0.142 0.133 0.129 0.132 0.131 0.123
  6  0.177 0.189 0.167 0.170 0.166 0.178 0.170 0.156 0.163 0.155 0.148 0.146
  7  0.200 0.207 0.203 0.214 0.177 0.183 0.199 0.179 0.186 0.173 0.168 0.160
  8  0.217 0.217 0.206 0.230 0.183 0.188 0.193 0.187 0.193 0.233 0.193 0.173
  9  0.225 0.247 0.236 0.238 0.203 0.221 0.192 0.232 0.230 0.224 0.232 0.209
  10 0.281 0.254 0.256 0.279 0.232 0.248 0.245 0.241 0.243 0.262 0.258 0.347
    year
age   2005  2006   2007
  1  0.039 0.049 0.0503
  2  0.068 0.072 0.0638
  3  0.084 0.089 0.0911
  4  0.099 0.105 0.1027
  5  0.113 0.122 0.1150
  6  0.137 0.138 0.1304
  7  0.156 0.163 0.1462
  8  0.166 0.190 0.1687
  9  0.195 0.212 0.1822
  10 0.217 0.328 0.2494

3 WEIGHTS AT AGE IN THE STOCK 

Units   :	 NA 
    year
age   1981  1982  1983  1984  1985  1986  1987  1988  1989  1990  1991  1992
  1  0.052 0.045 0.046 0.035 0.038 0.040 0.048 0.053 0.059 0.045 0.055 0.057
  2  0.065 0.072 0.074 0.078 0.074 0.073 0.086 0.076 0.079 0.070 0.091 0.083
  3  0.103 0.111 0.118 0.089 0.097 0.108 0.106 0.097 0.103 0.106 0.107 0.119
  4  0.125 0.143 0.140 0.132 0.114 0.130 0.124 0.128 0.126 0.123 0.136 0.140
  5  0.141 0.156 0.153 0.153 0.157 0.165 0.147 0.142 0.148 0.147 0.174 0.167
  6  0.155 0.177 0.176 0.161 0.177 0.199 0.177 0.157 0.158 0.168 0.190 0.193
  7  0.170 0.195 0.195 0.175 0.199 0.209 0.208 0.179 0.171 0.175 0.206 0.226
  8  0.178 0.200 0.200 0.189 0.208 0.243 0.221 0.199 0.203 0.214 0.230 0.235
  9  0.187 0.204 0.204 0.186 0.218 0.246 0.222 0.222 0.224 0.217 0.232 0.284
  10 0.213 0.231 0.228 0.206 0.237 0.257 0.254 0.260 0.253 0.256 0.266 0.294
    year
age   1993  1994  1995  1996  1997  1998  1999  2000  2001  2002  2003  2004
  1  0.066 0.061 0.064 0.041 0.047 0.048 0.063 0.057 0.050 0.054 0.049 0.042
  2  0.082 0.087 0.091 0.080 0.072 0.072 0.078 0.075 0.078 0.074 0.075 0.066
  3  0.109 0.108 0.118 0.102 0.102 0.094 0.088 0.086 0.094 0.093 0.098 0.089
  4  0.137 0.137 0.143 0.116 0.121 0.125 0.109 0.104 0.108 0.115 0.108 0.102
  5  0.163 0.164 0.154 0.147 0.140 0.149 0.142 0.133 0.129 0.132 0.131 0.123
  6  0.177 0.189 0.167 0.170 0.166 0.178 0.170 0.156 0.163 0.155 0.148 0.146
  7  0.200 0.207 0.203 0.214 0.177 0.183 0.199 0.179 0.186 0.173 0.168 0.160
  8  0.217 0.217 0.206 0.230 0.183 0.188 0.193 0.187 0.193 0.233 0.193 0.173
  9  0.225 0.247 0.236 0.238 0.203 0.221 0.192 0.232 0.231 0.224 0.232 0.209
  10 0.281 0.254 0.256 0.279 0.232 0.248 0.245 0.241 0.243 0.262 0.258 0.347
    year
age   2005  2006   2007
  1  0.039 0.049 0.0503
  2  0.068 0.072 0.0638
  3  0.084 0.089 0.0911
  4  0.099 0.105 0.1027
  5  0.113 0.122 0.1150
  6  0.137 0.138 0.1304
  7  0.156 0.163 0.1462
  8  0.166 0.190 0.1687
  9  0.195 0.212 0.1822
  10 0.217 0.328 0.2494

4 NATURAL MORTALITY 

Units   :	 NA 
    year
age  1981 1982 1983 1984 1985 1986 1987 1988 1989 1990 1991 1992 1993 1994 1995
  1   0.2  0.2  0.2  0.2  0.2  0.2  0.2  0.2  0.2  0.2  0.2  0.2  0.2  0.2  0.2
  2   0.2  0.2  0.2  0.2  0.2  0.2  0.2  0.2  0.2  0.2  0.2  0.2  0.2  0.2  0.2
  3   0.2  0.2  0.2  0.2  0.2  0.2  0.2  0.2  0.2  0.2  0.2  0.2  0.2  0.2  0.2
  4   0.2  0.2  0.2  0.2  0.2  0.2  0.2  0.2  0.2  0.2  0.2  0.2  0.2  0.2  0.2
  5   0.2  0.2  0.2  0.2  0.2  0.2  0.2  0.2  0.2  0.2  0.2  0.2  0.2  0.2  0.2
  6   0.2  0.2  0.2  0.2  0.2  0.2  0.2  0.2  0.2  0.2  0.2  0.2  0.2  0.2  0.2
  7   0.2  0.2  0.2  0.2  0.2  0.2  0.2  0.2  0.2  0.2  0.2  0.2  0.2  0.2  0.2
  8   0.2  0.2  0.2  0.2  0.2  0.2  0.2  0.2  0.2  0.2  0.2  0.2  0.2  0.2  0.2
  9   0.2  0.2  0.2  0.2  0.2  0.2  0.2  0.2  0.2  0.2  0.2  0.2  0.2  0.2  0.2
  10  0.2  0.2  0.2  0.2  0.2  0.2  0.2  0.2  0.2  0.2  0.2  0.2  0.2  0.2  0.2
    year
age  1996 1997 1998 1999 2000 2001 2002 2003 2004 2005 2006 2007
  1   0.2  0.2  0.2  0.2  0.2  0.2  0.2  0.2  0.2  0.2  0.2  0.2
  2   0.2  0.2  0.2  0.2  0.2  0.2  0.2  0.2  0.2  0.2  0.2  0.2
  3   0.2  0.2  0.2  0.2  0.2  0.2  0.2  0.2  0.2  0.2  0.2  0.2
  4   0.2  0.2  0.2  0.2  0.2  0.2  0.2  0.2  0.2  0.2  0.2  0.2
  5   0.2  0.2  0.2  0.2  0.2  0.2  0.2  0.2  0.2  0.2  0.2  0.2
  6   0.2  0.2  0.2  0.2  0.2  0.2  0.2  0.2  0.2  0.2  0.2  0.2
  7   0.2  0.2  0.2  0.2  0.2  0.2  0.2  0.2  0.2  0.2  0.2  0.2
  8   0.2  0.2  0.2  0.2  0.2  0.2  0.2  0.2  0.2  0.2  0.2  0.2
  9   0.2  0.2  0.2  0.2  0.2  0.2  0.2  0.2  0.2  0.2  0.2  0.2
  10  0.2  0.2  0.2  0.2  0.2  0.2  0.2  0.2  0.2  0.2  0.2  0.2

5 PROPORTION MATURE 

Units   :	 NA 
    year
age  1981 1982 1983 1984 1985 1986 1987 1988 1989 1990 1991 1992 1993 1994 1995
  1  0.11 0.11 0.11 0.11 0.11 0.11 0.11 0.11 0.11 0.11 0.11 0.11 0.11 0.11 0.11
  2  0.40 0.40 0.40 0.40 0.40 0.40 0.40 0.40 0.40 0.40 0.40 0.40 0.40 0.40 0.40
  3  0.82 0.82 0.82 0.82 0.82 0.82 0.82 0.82 0.82 0.82 0.82 0.82 0.82 0.82 0.82
  4  0.86 0.86 0.86 0.86 0.86 0.86 0.86 0.86 0.86 0.86 0.86 0.86 0.86 0.86 0.86
  5  0.91 0.91 0.91 0.91 0.91 0.91 0.91 0.91 0.91 0.91 0.91 0.91 0.91 0.91 0.91
  6  0.94 0.94 0.94 0.94 0.94 0.94 0.94 0.94 0.94 0.94 0.94 0.94 0.94 0.94 0.94
  7  1.00 1.00 1.00 1.00 1.00 1.00 1.00 1.00 1.00 1.00 1.00 1.00 1.00 1.00 1.00
  8  1.00 1.00 1.00 1.00 1.00 1.00 1.00 1.00 1.00 1.00 1.00 1.00 1.00 1.00 1.00
  9  1.00 1.00 1.00 1.00 1.00 1.00 1.00 1.00 1.00 1.00 1.00 1.00 1.00 1.00 1.00
  10 1.00 1.00 1.00 1.00 1.00 1.00 1.00 1.00 1.00 1.00 1.00 1.00 1.00 1.00 1.00
    year
age  1996 1997 1998 1999 2000 2001 2002 2003 2004 2005 2006 2007
  1  0.11 0.11 0.11 0.11 0.11 0.11 0.11 0.11 0.11 0.11 0.11 0.11
  2  0.40 0.40 0.40 0.40 0.40 0.40 0.40 0.40 0.40 0.40 0.40 0.40
  3  0.82 0.82 0.82 0.82 0.82 0.82 0.82 0.82 0.82 0.82 0.82 0.82
  4  0.86 0.86 0.86 0.86 0.86 0.86 0.86 0.86 0.86 0.86 0.86 0.86
  5  0.91 0.91 0.91 0.91 0.91 0.91 0.91 0.91 0.91 0.91 0.91 0.91
  6  0.94 0.94 0.94 0.94 0.94 0.94 0.94 0.94 0.94 0.94 0.94 0.94
  7  1.00 1.00 1.00 1.00 1.00 1.00 1.00 1.00 1.00 1.00 1.00 1.00
  8  1.00 1.00 1.00 1.00 1.00 1.00 1.00 1.00 1.00 1.00 1.00 1.00
  9  1.00 1.00 1.00 1.00 1.00 1.00 1.00 1.00 1.00 1.00 1.00 1.00
  10 1.00 1.00 1.00 1.00 1.00 1.00 1.00 1.00 1.00 1.00 1.00 1.00

6 SURVEY INDICES 

Norwegian acoustic survey2 ages 3-8 - Index Value 

Units   :	 NA 
   year
age 1991  1992  1993  1994 1995 1996 1997  1998  1999  2000  2001  2002  2003
  3 6340 26123  3321  2950 9874 7433   -1 34991 60309 31011 12843 54740 70303
  4 8497  4719 26771  4476 7906 8371   -1  4697 26103 41382 13805 12757 28756
  5 7407  1574  2643 11354 6861 2399   -1  1674  1481  6843  8292  5266  5735
  6 4558  1386  1270  1742 9467 4455   -1   279   316   898   718  8404  2430
  7 2019   810   557  1687 1795 4111   -1   407    72   427   175  1450  1708
  8  545   616   426   908 1083 1202   -1   381   153   228    51   305   260

Norwegian acoustic survey2 ages 3-8 - Index Variance (Inverse Weights) 

Units   :	 NA 
   year
age  1991  1992  1993  1994  1995  1996  1997  1998  1999  2000  2001  2002
  3 5.988 5.988 5.988 5.988 5.988 5.988 5.988 5.988 5.988 5.988 5.988 5.988
  4 5.988 5.988 5.988 5.988 5.988 5.988 5.988 5.988 5.988 5.988 5.988 5.988
  5 5.988 5.988 5.988 5.988 5.988 5.988 5.988 5.988 5.988 5.988 5.988 5.988
  6 5.988 5.988 5.988 5.988 5.988 5.988 5.988 5.988 5.988 5.988 5.988 5.988
  7 5.988 5.988 5.988 5.988 5.988 5.988 5.988 5.988 5.988 5.988 5.988 5.988
  8 5.988 5.988 5.988 5.988 5.988 5.988 5.988 5.988 5.988 5.988 5.988 5.988
   year
age  2003
  3 5.988
  4 5.988
  5 5.988
  6 5.988
  7 5.988
  8 5.988


N Sea May ac survey ages 1-2 - Index Value 

Units   :	 NA 
   year
age  2000  2001  2002  2003  2004  2005  2006
  1 48927 85772 15251 35688 49254 54660   570
  2  3133 25110 46656 21487 22086 19904 18300

N Sea May ac survey ages 1-2 - Index Variance (Inverse Weights) 

Units   :	 NA 
   year
age 2000 2001 2002 2003 2004 2005 2006
  1    2    2    2    2    2    2    2
  2    2    2    2    2    2    2    2


International survey ages 3-8 - Index Value 

Units   :	 NA 
   year
age  2004  2005  2006  2007  2008
  3 34350 18774 32201 16343  4443
  4 44397 25579 38942 32851 17814
  5 16775 26660 16608 24794 20144
  6  5521  8298  7972 13952 11710
  7  3111  2016  2459  7282  6418
  8  1962   728   791  2509  3093

International survey ages 3-8 - Index Variance (Inverse Weights) 

Units   :	 NA 
   year
age  2004  2005  2006  2007  2008
  3 5.988 5.988 5.988 5.988 5.988
  4 5.988 5.988 5.988 5.988 5.988
  5 5.988 5.988 5.988 5.988 5.988
  6 5.988 5.988 5.988 5.988 5.988
  7 5.988 5.988 5.988 5.988 5.988
  8 5.988 5.988 5.988 5.988 5.988



7 FLICA CONFIGURATION SETTINGS 

sep.2       : NA
sep.gradual : TRUE
sr          : FALSE
sr.age      : 1
lambda.age  : 0.5 1 1 1 1 1 1 1 1 0
lambda.yr   : 1 1 1 1 1 1 1 1 1
lambda.sr   : 0
index.model : linear linear linear
index.cor   : 0 0 0
sep.nyr     : 9
sep.age     : 3
sep.sel     : 1.5

8 STOCK OBJECT CONFIGURATION

      min       max plusgroup   minyear   maxyear 
        1        10        10      1981      2007 

9 INDEX OBJECTS CONFIGURATION

Norwegian acoustic survey2 ages 3-8
""BLUE" "WHITING" "tuning" "data" "3" "fleets" . Imported from VPA file."
      min       max plusgroup   minyear   maxyear    startf      endf 
      3.0       8.0        NA    1991.0    2003.0       0.3       0.4 

N Sea May ac survey ages 1-2
""BLUE" "WHITING" "tuning" "data" "3" "fleets" . Imported from VPA file."
      min       max plusgroup   minyear   maxyear    startf      endf 
      1.0       2.0        NA    2000.0    2006.0       0.5       0.6 

International survey ages 3-8
""BLUE" "WHITING" "tuning" "data" "3" "fleets" . Imported from VPA file."
      min       max plusgroup   minyear   maxyear    startf      endf 
      3.0       8.0        NA    2004.0    2008.0       0.3       0.4 


10 STOCK SUMMARY 

       Year Recruitment         SSB     Catches        Fbar    Landings
                  Age 1                           (Age 3-7)         SOP
                                                                       
       1981     3643882     4453640      907732      0.2074      1.0168
       1982     4594280     3125397      513203      0.1644      1.0730
       1983    16828642     2094558      561332      0.1923      0.9858
       1984    19745375     1733955      626592      0.2434      0.9824
       1985    11208945     1990846      676812      0.3067      1.0021
       1986    10002570     2317540      801786      0.4542      1.0566
       1987     9433324     1967773      656588      0.3734      0.9972
       1988     7882052     1677971      552020      0.4564      1.0004
       1989    10067066     1635859      598147      0.4622      1.0538
       1990    21982729     1624873      558788      0.3843      0.9988
       1991     9581370     2117562      363724      0.1913      1.0008
       1992     6685348     2733070      473789      0.1444      1.0017
       1993     5984765     2614973      475143      0.1682      1.0001
       1994     6787627     2552380      458028      0.1705      0.9993
       1995     8742876     2272969      505938      0.2204      0.9985
       1996    23244848     2124664      629286      0.2741      0.9870
       1997    41241377     2293513      640089      0.2539      0.9994
       1998    30050969     2940609     1123732      0.3891      1.0073
       1999    24492641     3583801     1251463      0.3508      1.0076
       2000    43435537     3855663     1409143      0.4427      1.0023
       2001    67117497     4381639     1775305      0.4610      0.9980
       2002    53527610     5476634     1556955      0.4578      1.0000
       2003    57287260     6603059     2321407      0.3881      1.0189
       2004    41298615     6607785     2377568      0.4557      1.0098
       2005    27244064     6332979     2026953      0.3793      0.9958
       2006     4200917     6203952     1966139      0.3266      0.9950
       2007     3569821     4982986     1612331      0.3639      1.0000

11 ESTIMATED POPULATION ABUNDANCE 

Units   :	 NA 
    year
age     1981    1982     1983     1984     1985     1986    1987    1988
  1  3643882 4594280 16828642 19745375 11208945 10002570 9433324 7882052
  2  4147727 2750614  3627866 11721361 14101315  8000948 7602972 6967657
  3  5345610 3082019  2004977  2459661  7499584  9704099 5814964 5703422
  4  3763640 3762991  2229464  1398287  1604335  4403609 6269649 4104885
  5  2629770 2780211  2587286  1567632   910845  1040865 2068525 3430942
  6  2488694 1660182  2038203  1848806  1026971   576635  500292 1042987
  7  2402530 1534978  1110758  1394944  1113734   552851  304410  286579
  8  2826293 1547747  1017291   651586   906319   680816  272584  155121
  9  3233796 1743945  1022357   576109   360262   585469  379681  113297
  10 8168412 4132659  1517632   953947  1003311  1339177  718813  171662
    year
age      1989     1990     1991     1992    1993    1994    1995     1996
  1  10067066 21982729  9581370  6685348 5984765 6787627 8742876 23244848
  2   6069754  7462127 16544708  7603782 5105611 4662365 5280197  6890754
  3   5054643  4322406  5475588 12621316 5635795 3904755 3719763  4003734
  4   4116085  2934812  2933739  4019599 8854255 4054360 2865157  2665519
  5   2745890  2658242  1726335  2130017 2778335 5835016 2968448  1926793
  6   1642375  1497135  1708538  1086740 1547928 1904205 3678293  1876300
  7    304951   711779   709220  1166442  750986 1095002 1305834  2291957
  8    159237   125524   315382   437567  856195  518468  739604   840759
  9     79496    85520    33578   213701  286554  642570  343087   461835
  10   120834   300905    63507    78206  131377  248964  240403   387249
    year
age      1997     1998     1999     2000     2001     2002     2003     2004
  1  41241377 30050969 24492641 43435537 67117497 53527610 57287260 41298615
  2  17323531 31842018 23108461 19054870 33343315 51385727 41000139 44327414
  3   5159811 12813171 22302848 17550091 14189511 24732471 38141404 30890569
  4   2708559  3410718  7310741 14891123 11108307  8886164 15517305 24920187
  5   1699016  1698057  1854950  4186474  7765180  5685532  4562923  8554703
  6   1286445  1124889  1045319  1014890  2061039  3743306  2750805  2391813
  7   1089371   826848   631228   559781   486294   965931  1761101  1408109
  8   1281246   638521   405515   358724   289109   246416   491080   962739
  9    479657   684016   286559   223911   178658   141058   120658   260041
  10   778133   275320   585196   478518   219878   475296   105059   123021
    year
age      2005     2006     2007
  1  27244064  4200917  3569821
  2  31643010 21107746  3279782
  3  32917361 23885600 16113981
  4  19404985 21617195 16174003
  5  12824021 10794256 12688303
  6   4149140  6790400  6072442
  7   1128178  2146620  3744482
  8    717475   622408  1251052
  9    472535   383692   353145
  10   215174   162557   357503

12 ESTIMATED FISHING MORTALITY 

Units   :	 f 
    year
age     1981    1982   1983   1984   1985   1986    1987    1988    1989
  1  0.08123 0.03617 0.1617 0.1367 0.1372 0.0743 0.10297 0.06127 0.09943
  2  0.09698 0.11619 0.1886 0.2466 0.1737 0.1191 0.08747 0.12097 0.13951
  3  0.15106 0.12382 0.1604 0.2273 0.3324 0.2368 0.14826 0.12616 0.34366
  4  0.10286 0.17460 0.1522 0.2286 0.2327 0.5556 0.40289 0.20207 0.23724
  5  0.25997 0.11046 0.1361 0.2230 0.2572 0.5326 0.48475 0.53669 0.40655
  6  0.28324 0.20188 0.1792 0.3068 0.4193 0.4388 0.35718 1.02969 0.63613
  7  0.23972 0.21137 0.3334 0.2312 0.2922 0.5071 0.47417 0.38762 0.68765
  8  0.28282 0.21469 0.3686 0.3926 0.2370 0.3840 0.67793 0.46850 0.42164
  9  0.21877 0.19734 0.2767 0.3471 0.3330 0.3942 0.35320 0.38467 0.42244
  10 0.21877 0.19734 0.2767 0.3471 0.3330 0.3942 0.35320 0.38467 0.42244
    year
age     1990    1991    1992    1993    1994    1995    1996    1997   1998
  1  0.08419 0.03117 0.06958 0.04969 0.05114 0.03806 0.09402 0.05866 0.0627
  2  0.10954 0.07068 0.09951 0.06815 0.02586 0.07674 0.08928 0.10159 0.1561
  3  0.18753 0.10912 0.15449 0.12935 0.10957 0.13326 0.19081 0.21398 0.3611
  4  0.33064 0.12015 0.16933 0.21702 0.11175 0.19677 0.25035 0.26693 0.4091
  5  0.24203 0.26282 0.11921 0.17779 0.26143 0.25874 0.20397 0.21236 0.2852
  6  0.54714 0.18168 0.16955 0.14616 0.17722 0.27304 0.34370 0.24202 0.3778
  7  0.61398 0.28294 0.10922 0.17051 0.19240 0.24029 0.38157 0.33420 0.5125
  8  1.11862 0.18921 0.22330 0.08702 0.21289 0.27091 0.36123 0.42761 0.6012
  9  0.42449 0.18124 0.17991 0.15827 0.14542 0.21222 0.26667 0.27296 0.4160
  10 0.42449 0.18124 0.17991 0.15827 0.14542 0.21222 0.26667 0.27296 0.4160
    year
age     1999    2000    2001    2002    2003    2004    2005    2006    2007
  1  0.05105 0.06442 0.06708 0.06662 0.05647 0.06631 0.05520 0.04753 0.05296
  2  0.07514 0.09482 0.09874 0.09806 0.08312 0.09760 0.08124 0.06995 0.07794
  3  0.20395 0.25737 0.26801 0.26616 0.22562 0.26492 0.22051 0.18987 0.21156
  4  0.35749 0.45112 0.46977 0.46653 0.39547 0.46436 0.38652 0.33281 0.37083
  5  0.40308 0.50865 0.52968 0.52603 0.44591 0.52358 0.43581 0.37525 0.41812
  6  0.42453 0.53572 0.55787 0.55403 0.46965 0.55145 0.45901 0.39523 0.44038
  7  0.36511 0.46074 0.47979 0.47649 0.40391 0.47427 0.39476 0.33991 0.37874
  8  0.39391 0.49708 0.51763 0.51407 0.43577 0.51167 0.42590 0.36672 0.40861
  9  0.30592 0.38605 0.40201 0.39924 0.33843 0.39738 0.33077 0.28481 0.31734
  10 0.30592 0.38605 0.40201 0.39924 0.33843 0.39738 0.33077 0.28481 0.31734

13 FITTED SELECTION PATTERN 

Units   :	 f 
    year
age    1999   2000   2001   2002   2003   2004   2005   2006   2007
  1  0.2503 0.2503 0.2503 0.2503 0.2503 0.2503 0.2503 0.2503 0.2503
  2  0.3684 0.3684 0.3684 0.3684 0.3684 0.3684 0.3684 0.3684 0.3684
  3  1.0000 1.0000 1.0000 1.0000 1.0000 1.0000 1.0000 1.0000 1.0000
  4  1.7528 1.7528 1.7528 1.7528 1.7528 1.7528 1.7528 1.7528 1.7528
  5  1.9764 1.9764 1.9764 1.9764 1.9764 1.9764 1.9764 1.9764 1.9764
  6  2.0816 2.0816 2.0816 2.0816 2.0816 2.0816 2.0816 2.0816 2.0816
  7  1.7902 1.7902 1.7902 1.7902 1.7902 1.7902 1.7902 1.7902 1.7902
  8  1.9314 1.9314 1.9314 1.9314 1.9314 1.9314 1.9314 1.9314 1.9314
  9  1.5000 1.5000 1.5000 1.5000 1.5000 1.5000 1.5000 1.5000 1.5000
  10 1.5000 1.5000 1.5000 1.5000 1.5000 1.5000 1.5000 1.5000 1.5000

14 PREDICTED INDEX VALUES 

Norwegian acoustic survey2 ages 3-8 

Units   :	 NA 
   year
age   1991    1992    1993   1994   1995   1996 1997    1998    1999    2000
  3 8967.3 20344.2  9164.6 6393.8 6040.6 6372.1   NA 19212.4 35332.7 27288.3
  4 6294.0  8476.4 18362.4 8723.7 5984.2 5463.8   NA  6613.5 14434.0 28452.6
  5 2327.6  3020.0  3859.2 7871.3 4008.1 2652.0   NA  2271.7  2381.2  5179.3
  6 1762.9  1126.1  1617.1 1967.8 3675.8 1829.2   NA  1083.7   990.7   925.1
  7  608.3  1063.2   670.0  969.5 1136.9 1899.2   NA   654.5   526.1   451.2
  8  269.2   369.1   757.4  438.9  613.5  675.7   NA   471.8   322.2   274.9
   year
age    2001    2002    2003
  3 21981.0 38337.9 59968.0
  4 21086.6 16887.5 30232.1
  5  9536.3  6991.2  5770.4
  6  1864.2  3390.4  2566.2
  7   389.3   774.2  1447.9
  8   220.0   187.7   384.5

N Sea May ac survey ages 1-2 

Units   :	 NA 
   year
age  2000  2001  2002  2003  2004  2005  2006
  1 30371 46861 37382 40232 28847 19147  2965
  2 10522 18373 28325 22787 24441 17605 11817

International survey ages 3-8 

Units   :	 NA 
   year
age  2004  2005    2006  2007  2008
  3 33195 35927 26350.9 17643  2720
  4 41284 33035 37499.6 27686 18277
  5 16030 24780 21304.4 24670 17769
  6  4268  7647 12796.7 11264 12685
  7  2430  2002  3882.8  6682  5711
  8  1407  1080   956.9  1895  3180


15 INDEX RESIDUALS 

Norwegian acoustic survey2 ages 3-8 

Units   :	 NA 
   year
age    1991    1992    1993    1994   1995    1996 1997    1998    1999
  3 -0.3467  0.2500 -1.0151 -0.7735 0.4914  0.1540   NA  0.5995  0.5347
  4  0.3001 -0.5857  0.3770 -0.6673 0.2785  0.4266   NA -0.3422  0.5925
  5  1.1576 -0.6516 -0.3786  0.3664 0.5375 -0.1003   NA -0.3053 -0.4749
  6  0.9499  0.2077 -0.2416 -0.1219 0.9460  0.8901   NA -1.3569 -1.1426
  7  1.1997 -0.2720 -0.1847  0.5540 0.4567  0.7723   NA -0.4750 -1.9888
  8  0.7053  0.5123 -0.5755  0.7270 0.5683  0.5760   NA -0.2138 -0.7447
   year
age     2000    2001    2002      2003
  3  0.12788 -0.5374  0.3562  0.159004
  4  0.37461 -0.4236 -0.2805 -0.050057
  5  0.27855 -0.1398 -0.2834 -0.006149
  6 -0.02976 -0.9541  0.9078 -0.054524
  7 -0.05506 -0.7997  0.6274  0.165193
  8 -0.18712 -1.4617  0.4853 -0.391299

N Sea May ac survey ages 1-2 

Units   :	 NA 
   year
age    2000   2001    2002     2003    2004   2005    2006
  1  0.4768 0.6045 -0.8966 -0.11985  0.5350 1.0490 -1.6489
  2 -1.2115 0.3124  0.4990 -0.05874 -0.1013 0.1228  0.4374

International survey ages 3-8 

Units   :	 NA 
   year
age    2004      2005     2006      2007     2008
  3 0.03419 -0.649029  0.20050 -0.076522  0.49086
  4 0.07269 -0.255803  0.03774  0.171042 -0.02568
  5 0.04542  0.073140 -0.24903  0.005027  0.12544
  6 0.25750  0.081756 -0.47325  0.213985 -0.07999
  7 0.24706  0.007046 -0.45680  0.086049  0.11665
  8 0.33258 -0.394818 -0.19039  0.280468 -0.02783


16 PREDICTED CATCH IN NUMBER 

Units   :	 NA 
    year
age     1981   1982    1983    1984    1985    1986    1987    1988    1989
  1   258000 148000 2283000 2291000 1305000  650000  838000  425000  865000
  2   348000 274000  567000 2331000 2044000  816000  578000  721000  718000
  3   681000 326000  270000  455000 1933000 1862000  728000  614000 1340000
  4   334000 548000  286000  260000  303000 1717000 1897000  683000  791000
  5   548000 264000  299000  285000  188000  393000  726000 1303000  837000
  6   559000 276000  304000  445000  321000  187000  137000  618000  708000
  7   466000 266000  287000  262000  257000  201000  105000   84000  139000
  8   634000 272000  286000  193000  174000  198000  123000   53000   50000
  9   578000 284000  225000  154000   93000  174000  103000   33000   25000
  10 1460000 673000  334000  255000  259000  398000  195000   50000   38000
    year
age     1990    1991    1992    1993    1994   1995    1996    1997    1998
  1  1611000  266686  407730  263184  306951 296100 1893453 2131494 1656926
  2   703000 1024468  653838  305180  107935 353949  534221 1519327 4181175
  3   672000  513959 1641714  621085  367962 421560  632361  904074 3541231
  4   753000  301627  569094 1571236  389264 465358  537280  577676 1044897
  5   520000  363204  217386  411367 1221919 615994  323324  295671  383658
  6   577000  258038  154044  191241  281120 800201  497458  251642  322777
  7   299000  159153  109580  107005  174256 253818  663133  282056  303058
  8    78000   49431   79663   64769   90429 159797  232420  406910  264105
  9    27000    5060   31987   38118   79014  59670   98415  104320  212452
  10   95000    9570   11706   17476   30614  41811   82521  169235   85513
    year
age     1999    2000    2001    2002    2003    2004    2005    2006    2007
  1  1105749 2458762 3951393 3130298 2853716 2404249 1327208  176862  167027
  2  1517971 1564793 2846075 4357306 2968141 3742087 2240863 1294033  223189
  3  3742093 3624878 3036996 5261526 7008564 6544707 5925675 3755619 2794678
  4  2003425 4937102 3803477 3026006 4624098 8454706 5674499 5577259 4570023
  5   561469 1525579 2919509 2126297 1498848 3187851 4135690 3080167 3957094
  6   330049  384901  806113 1456441  941679  927315 1394781 2022469 1974825
  7   176061  188742  169304  334464  533966  485779  335695  563820 1076730
  8   120448  128403  106790   90535  158359  352442  227125  174238  382922
  9    68800   65412   53960   42363   31575   77798  121279   86597   87493
  10  140500  139791   66410  142743   27493   36805   55226   36688   88573

17 CATCH RESIDUALS 

Units   :	 NA 
    year
age        1999     2000       2001     2002       2003     2004     2005
  1  -3.385e-01 -0.30365  0.0992499 -0.54171  2.712e-01 -0.10886  0.07269
  2   2.030e-02 -0.27157  0.4550907 -0.29868  3.166e-01  0.16793 -0.38885
  3   4.418e-01 -0.04489 -0.0249492 -0.46897  1.786e-01  0.02699 -0.15328
  4   5.466e-01  0.01563  0.0007998 -0.29955  4.244e-02 -0.23293  0.03411
  5  -3.076e-01  0.01592 -0.1186256 -0.15332  3.058e-01 -0.04586  0.07329
  6  -4.656e-01  0.28858 -0.3194741  0.12303  1.709e-01  0.31951  0.01728
  7  -1.522e-01  0.12118  0.0042210  0.02928 -2.888e-01  0.29104  0.43436
  8   2.399e-01  0.16494 -0.0958234  0.62326 -2.668e-01 -0.34704  0.09373
  9  -2.887e-09 -0.11550  0.3506598  0.88432 -4.717e-01 -0.03111 -0.18919
  10  0.000e+00  0.00000  0.0000000  0.00000  2.220e-16  0.00000  0.00000
    year
age      2006       2007
  1   0.84798  1.334e-09
  2  -0.31978  3.185e-01
  3   0.11326 -4.427e-01
  4   0.09787 -8.184e-02
  5   0.21880 -2.294e-02
  6  -0.16271  1.754e-01
  7  -0.10781 -1.406e-01
  8   0.03908 -1.779e-01
  9  -0.24806  3.975e-01
  10  0.00000  0.000e+00

18 FIT PARAMETERS 

                              Value CV.pct Lower.95.pct.CL Upper.95.pct.CL
F, 1999                   2.039e-01    9.8       1.501e-01       2.772e-01
F, 2000                   2.574e-01   11.0       1.919e-01       3.452e-01
F, 2001                   2.680e-01   11.3       2.002e-01       3.588e-01
F, 2002                   2.662e-01   11.4       1.978e-01       3.582e-01
F, 2003                   2.256e-01   10.9       1.643e-01       3.098e-01
F, 2004                   2.649e-01   13.2       1.877e-01       3.738e-01
F, 2005                   2.205e-01   13.9       1.461e-01       3.329e-01
F, 2006                   1.899e-01   15.5       1.146e-01       3.145e-01
F, 2007                   2.116e-01   21.1       1.114e-01       4.018e-01
Selectivity at age 1      2.503e-01   14.4       1.694e-01       3.699e-01
Selectivity at age 2      3.684e-01   15.6       2.714e-01       5.001e-01
Selectivity at age 4      1.753e+00   26.4       1.311e+00       2.343e+00
Selectivity at age 5      1.976e+00   20.7       1.500e+00       2.604e+00
Selectivity at age 6      2.082e+00   18.0       1.606e+00       2.697e+00
Selectivity at age 7      1.790e+00   22.0       1.393e+00       2.301e+00
Selectivity at age 8      1.931e+00   19.4       1.503e+00       2.482e+00
Terminal year pop, age 1  3.570e+06    3.9       1.129e+06       1.129e+07
Terminal year pop, age 2  3.280e+06    2.2       1.694e+06       6.350e+06
Terminal year pop, age 3  1.611e+07    1.6       9.476e+06       2.740e+07
Terminal year pop, age 4  1.617e+07    1.6       9.727e+06       2.689e+07
Terminal year pop, age 5  1.269e+07    1.7       7.443e+06       2.163e+07
Terminal year pop, age 6  6.072e+06    1.9       3.435e+06       1.074e+07
Terminal year pop, age 7  3.744e+06    2.0       2.046e+06       6.854e+06
Terminal year pop, age 8  1.251e+06    2.3       6.718e+05       2.330e+06
Terminal year pop, age 9  3.531e+05    2.6       1.852e+05       6.733e+05
Last true age pop, 1999   2.866e+05    2.7       1.460e+05       5.625e+05
Last true age pop, 2000   2.239e+05    2.0       1.366e+05       3.670e+05
Last true age pop, 2001   1.787e+05    1.8       1.156e+05       2.760e+05
Last true age pop, 2002   1.411e+05    1.8       9.378e+04       2.122e+05
Last true age pop, 2003   1.207e+05    1.7       8.096e+04       1.798e+05
Last true age pop, 2004   2.600e+05    1.6       1.754e+05       3.855e+05
Last true age pop, 2005   4.725e+05    1.8       2.992e+05       7.464e+05
Last true age pop, 2006   3.837e+05    2.1       2.257e+05       6.522e+05
Index 1, age 3 numbers, Q 1.825e-03    3.6       1.173e-03       2.839e-03
Index 1, age 4 numbers, Q 2.400e-03    3.7       1.543e-03       3.733e-03
Index 1, age 5 numbers, Q 1.585e-03    3.5       1.019e-03       2.467e-03
Index 1, age 6 numbers, Q 1.179e-03    3.3       7.575e-04       1.836e-03
Index 1, age 7 numbers, Q 1.016e-03    3.3       6.511e-04       1.584e-03
Index 1, age 8 numbers, Q 9.781e-04    3.3       6.240e-04       1.533e-03
Index 2, age 1 numbers, Q 8.087e-04    3.1       5.250e-04       1.246e-03
Index 2, age 2 numbers, Q 6.494e-04    2.8       4.337e-04       9.724e-04
Index 3, age 3 numbers, Q 1.265e-03    6.1       5.726e-04       2.793e-03
Index 3, age 4 numbers, Q 2.090e-03    6.6       9.447e-04       4.625e-03
Index 3, age 5 numbers, Q 2.414e-03    6.9       1.068e-03       5.456e-03
Index 3, age 6 numbers, Q 2.321e-03    7.0       1.004e-03       5.363e-03
Index 3, age 7 numbers, Q 2.185e-03    7.1       9.296e-04       5.136e-03
Index 3, age 8 numbers, Q 1.875e-03    7.1       7.866e-04       4.468e-03
