Mean Weight in Catch (kilograms)
1 3
1958 2010
1 6
1
   0.096   0.115   0.162   0.185   0.205    0.224
   0.087   0.119   0.166   0.185   0.200    0.220
   0.093   0.122   0.156   0.191   0.205    0.222
   0.098   0.127   0.156   0.185   0.207    0.224
   0.109   0.146   0.170   0.187   0.210    0.234
   0.103   0.139   0.194   0.205   0.217    0.241
   0.105   0.139   0.182   0.215   0.225   0.235
   0.103   0.143   0.180   0.212   0.232   0.249
   0.122   0.154   0.191   0.212   0.237   0.250
   0.119   0.158   0.185   0.217   0.243   0.257
   0.119   0.166   0.196   0.215   0.235   0.257
   0.122   0.164   0.200   0.217   0.237   0.252
   0.128   0.162   0.200   0.225   0.240   0.262
   0.117   0.166   0.200   0.225   0.245   0.261
   0.132   0.170   0.194   0.220   0.245   0.265
   0.125   0.174   0.205   0.215   0.245   0.269
   0.141   0.180   0.210   0.225   0.237   0.264
   0.137   0.187   0.215   0.240   0.251   0.269
   0.137   0.174   0.205   0.235   0.259   0.278
   0.134   0.185   0.212   0.222   0.243   0.271
   0.127   0.189   0.217   0.240   0.279   0.288
   0.127   0.174   0.212   0.230   0.253   0.282
   0.117   0.174   0.207   0.237   0.259   0.273
   0.115   0.172   0.210   0.245   0.267   0.287
   0.115   0.154   0.194   0.237   0.262   0.279
   0.109   0.148   0.198   0.220   0.276   0.305
   0.093   0.142   0.185   0.213   0.213   0.249
   0.104   0.140   0.170   0.201   0.234   0.256
   0.112   0.155   0.172   0.187   0.215   0.252
   0.096   0.138   0.186   0.192   0.204   0.245
   0.097   0.132   0.168   0.203   0.209   0.224
   0.106   0.129   0.151   0.169   0.194   0.208
   0.099   0.137   0.153   0.167   0.188   0.214
   0.092   0.128   0.168   0.182   0.190   0.219
   0.096   0.123   0.150   0.177   0.191   0.205
   0.092   0.129   0.155   0.180   0.201   0.211
   0.097   0.135   0.168   0.179   0.190   0.214
   0.088   0.126   0.151   0.178   0.188   0.210
   0.088   0.118   0.147   0.159   0.185   0.210
   0.093   0.124   0.141   0.157   0.172   0.198
   0.099   0.121   0.153   0.163   0.173   0.194
   0.090   0.120   0.149   0.167   0.180   0.191
   0.092   0.111   0.148   0.168   0.185   0.193
   0.082   0.107   0.139   0.162   0.177   0.194
   0.096   0.115   0.139   0.156   0.185   0.201
   0.089   0.102   0.128   0.146   0.165   0.191
   0.080   0.130   0.134   0.151   0.159   0.186
   0.077   0.102   0.142   0.147   0.158   0.174
   0.093   0.105   0.127   0.151   0.155   0.168
   0.074   0.106   0.123   0.141   0.166   0.164
   0.091   0.120   0.144   0.156   0.172   0.193
   0.078   0.122   0.146   0.160   0.169   0.188
   0.075   0.108   0.129   0.142   0.155   0.159