Catch in Numbers (thousands)
1 2
1972 2008
0 12
1
10707   34979   51652   194461  650980   0   0   0   0   0   0   0   0
16997   46267   74544   109015   415015   814518   0   0   0   0   0   0   0
29277   108077   47410   155390   148543   424462   673317   0   0   0   0   0   0
36171   62908   92385   84509   265129   164673   251420   991632   0   0   0   0   0
62510   282818   249293   374245   176793   314261   133822   379790   478925   0   0   0   0
6077   175220   328732   226560   236116   67758   186619   105004   229803   236966   0   0   0
34623   34513   560738   449338   279236   282158   78877   172213   73933   127975   243333   0   0
114529   360698   62909   609522   385578   250755   248099   92655   169605   73900   102363   204291   0
33101   411327   393025   64549   328206   254172   142978   145385   54778   130771   39920   56210   104927
56682   276229   502365   231814   32814   184867   173349   116328   125548   41186   146186   31639   199615
11180   213936   432867   472457   184581   26544   138970   112476   89672   88726   27552   91743   156121
7333   47914   668909   433744   373262   126533   20175   90151   72031   48668   49252   19745   132040
287287   31901   86064   682491   387582   251503   98063   22086   61813   47925   37482   30105   69183
81799   268960   20893   58346   445357   252217   165219   62363   19562   47560   37607   26965   97652
49983   58126   424563   38387   76545   364119   208021   126174   42569   13533   32786   22971   81153
7403   40126   156670   663378   56680   89003   244570   150588   85863   34795   19658   25747   63146
57644   152656   137635   190403   538394   72914   87323   201021   122496   55913   20710   13178   57494
65400   64263   312739   207689   167588   362469   48696   58116   111251   68240   32228   13904   35814
24246   140534   209848   410751   208146   156742   254015   42549   49698   85447   33041   16587   27905
10007   58459   212521   206421   375451   188623   129145   197888   51077   43415   70839   29743   52986
43447   83583   156292   356209   266591   306143   156070   113899   138458   51208   36612   40956   68205
19354   128144   210319   266677   398240   244285   255472   149932   97746   121400   38794   29067   68217
25368   147315   221489   306979   267420   301346   184925   189847   106108   80054   57622   20407   57551
14759   81529   340898   340215   275031   186855   197856   142342   113413   69191   42441   37960   39753
37956   119852   168882   333365   279182   177667   96303   119831   55812   59801   25803   18353   30648
36012   144390   186481   238426   378881   246781   135059   84378   66504   39450   26735   13950   24974
61127   99352   229767   264566   323186   361945   207619   118388   72745   47353   24386   16551   22932
67003   73597   132994   223639   261778   281041   244212   159019   86739   50613   30363   17048   32446
36345   102407   142898   275376   390858   295516   241550   175608   106291   52394   31280   18918   34202
26034   40315   158943   234186   297206   309937   231804   195250   120241   72205   42529   20546   40706
70409   222214   69728   366981   349853   262485   236927   151241   118814   79919   43776   21606   40260
14409   182121   265153   88950   290227   230568   180479   132355   93165   74779   45793   25691   30887
5168   24617   425834   499455   142792   244885   137998   83997   61426   37614   32816   15385   18151
5014   44235   131909   661629   289505   118453   119907   63297   38025   23744   18703   7863   10558
58294   69303   165134   156631   468403   194147   96817   73749   33234   18785   13951   8313   10071
15374	79398	189765	227859	204001	448612	200620	75312	58619	28301	16451	11796	13548
25738	41050	137015	349588	275088	263726	260036	126016	59743	33906	19953	6949	9523