Natural Mortality
1 5
1972 2008
0 12
1
0.15   0.15   0.15   0.15   0.15   0.15   0.15   0.15   0.15   0.15 0.15   0.15   0.15
0.15   0.15   0.15   0.15   0.15   0.15   0.15   0.15   0.15   0.15 0.15   0.15   0.15
0.15   0.15   0.15   0.15   0.15   0.15   0.15   0.15   0.15   0.15 0.15   0.15   0.15 
0.15   0.15   0.15   0.15   0.15   0.15   0.15   0.15   0.15   0.15 0.15   0.15   0.15
0.15   0.15   0.15   0.15   0.15   0.15   0.15   0.15   0.15   0.15 0.15   0.15   0.15
0.15   0.15   0.15   0.15   0.15   0.15   0.15   0.15   0.15   0.15 0.15   0.15   0.15
0.15   0.15   0.15   0.15   0.15   0.15   0.15   0.15   0.15   0.15 0.15   0.15   0.15
0.15   0.15   0.15   0.15   0.15   0.15   0.15   0.15   0.15   0.15 0.15   0.15   0.15
0.15   0.15   0.15   0.15   0.15   0.15   0.15   0.15   0.15   0.15 0.15   0.15   0.15
0.15   0.15   0.15   0.15   0.15   0.15   0.15   0.15   0.15   0.15 0.15   0.15   0.15
0.15   0.15   0.15   0.15   0.15   0.15   0.15   0.15   0.15   0.15 0.15   0.15   0.15
0.15   0.15   0.15   0.15   0.15   0.15   0.15   0.15   0.15   0.15 0.15   0.15   0.15
0.15   0.15   0.15   0.15   0.15   0.15   0.15   0.15   0.15   0.15 0.15   0.15   0.15
0.15   0.15   0.15   0.15   0.15   0.15   0.15   0.15   0.15   0.15 0.15   0.15   0.15
0.15   0.15   0.15   0.15   0.15   0.15   0.15   0.15   0.15   0.15 0.15   0.15   0.15 
0.15   0.15   0.15   0.15   0.15   0.15   0.15   0.15   0.15   0.15 0.15   0.15   0.15
0.15   0.15   0.15   0.15   0.15   0.15   0.15   0.15   0.15   0.15 0.15   0.15   0.15
0.15   0.15   0.15   0.15   0.15   0.15   0.15   0.15   0.15   0.15 0.15   0.15   0.15
0.15   0.15   0.15   0.15   0.15   0.15   0.15   0.15   0.15   0.15 0.15   0.15   0.15
0.15   0.15   0.15   0.15   0.15   0.15   0.15   0.15   0.15   0.15 0.15   0.15   0.15
0.15   0.15   0.15   0.15   0.15   0.15   0.15   0.15   0.15   0.15 0.15   0.15   0.15
0.15   0.15   0.15   0.15   0.15   0.15   0.15   0.15   0.15   0.15 0.15   0.15   0.15
0.15   0.15   0.15   0.15   0.15   0.15   0.15   0.15   0.15   0.15 0.15   0.15   0.15
0.15   0.15   0.15   0.15   0.15   0.15   0.15   0.15   0.15   0.15 0.15   0.15   0.15
0.15   0.15   0.15   0.15   0.15   0.15   0.15   0.15   0.15   0.15 0.15   0.15   0.15
0.15   0.15   0.15   0.15   0.15   0.15   0.15   0.15   0.15   0.15 0.15   0.15   0.15
0.15   0.15   0.15   0.15   0.15   0.15   0.15   0.15   0.15   0.15 0.15   0.15   0.15
0.15   0.15   0.15   0.15   0.15   0.15   0.15   0.15   0.15   0.15 0.15   0.15   0.15
0.15   0.15   0.15   0.15   0.15   0.15   0.15   0.15   0.15   0.15 0.15   0.15   0.15
0.15   0.15   0.15   0.15   0.15   0.15   0.15   0.15   0.15   0.15 0.15   0.15   0.15
0.15   0.15   0.15   0.15   0.15   0.15   0.15   0.15   0.15   0.15 0.15   0.15   0.15
0.15   0.15   0.15   0.15   0.15   0.15   0.15   0.15   0.15   0.15 0.15   0.15   0.15
0.15   0.15   0.15   0.15   0.15   0.15   0.15   0.15   0.15   0.15 0.15   0.15   0.15
0.15   0.15   0.15   0.15   0.15   0.15   0.15   0.15   0.15   0.15 0.15   0.15   0.15
0.15   0.15   0.15   0.15   0.15   0.15   0.15   0.15   0.15   0.15 0.15   0.15   0.15
0.15   0.15   0.15   0.15   0.15   0.15   0.15   0.15   0.15   0.15 0.15   0.15   0.15
0.15   0.15   0.15   0.15   0.15   0.15   0.15   0.15   0.15   0.15 0.15   0.15   0.15