1 736601.74 503116.29 295664.01 97947.77 26069.94 10968.11 9490.78
1 4972332.03 335340.88 218744.95 128557.89 51915.71 18172.64 15051.43
1 1906224.5 884908.89 271211.49 121583.57 69939.37 17499.39 18736.29
1 1999130.84 366278.27 229974.57 97732.25 43207.59 25681.82 14440.63
1 2429793.66 2249516.49 462271.51 358071.99 82500.29 31901.09 30249.4
1 969337.07 537357.22 588611.98 151484.5 114603.9 18828.77 23503.91
1 2316312.94 448285.49 297259.33 430839.99 97392.71 49998.34 27490
1 1185971.32 445773.12 118760.62 85509.4 100442.35 31117.92 32863.63
1 1145166.63 332771.36 203191.92 80358.44 46358.27 51925.25 33087.81
1 2472359.75 152252.41 96658.31 101800.71 50755.44 29973.92 69803.44
1 611072.31 175498.86 118214.7 60413.3 35406.44 18444.29 48919.6
1 3114966 232951.78 97866.71 62699.97 26467.19 11648.39 32302.67
1 1458525.29 581879 180894.77 82406.95 36443.07 14884.5 44580.58
1 904306.31 360794.49 182921.12 100642.58 49896.2 20846.98 38442.06
1 862989.93 236794.88 93819.91 66221.97 37440.73 21009.84 36389.43
1 2041832.85 294376.27 144672.53 122645.81 84485.75 38344.82 65772.37
1 7921339.34 504621.14 201905.5 88459.8 78276.21 43240.1 53176.46
1 572307.7 818928.15 365465.79 127502.65 66737.91 43526.09 78080.03
1 1863251.77 193708.69 373987.31 214504.31 67007.08 41023.59 79223.32
1 949196.45 317596.11 78964.29 200060.41 127534.76 39218.35 69571.81
1 1936647.39 213373.48 95044.71 49447.41 84363.78 40977.28 42588.98