Herring in Sub-area IV, Divisions VIId & IIIa (autumn-spawners)
 1     37     2
'YEAR'     'VPA'     'MLAI'
  1973     1     12.790
  1974     1     7.661
  1975     1     2.737
  1976     1     2.422
  1977     1     5.999
  1978     1     7.184
  1979     1     13.844
  1980     1     9.332
  1981     1     13.704
  1982     1     19.980
  1983     1     25.669
  1984     1     46.198
  1985     1     70.600
  1986     1     36.704
  1987     1     64.930
  1988     1     128.721
  1989     1     126.428
  1990     1     163.659
  1991     1     87.107
  1992     1     40.277
  1993     1     28.520
  1994     1     19.823
  1995     1     20.849
  1996     1     41.395
  1997     1     53.550
  1998     1     68.327
  1999     1     56.982
  2000     1     38.038
  2001     1     123.398
  2002     1     104.674
  2003     1     253.943
  2004     1     307.772
  2005     1     183.443
  2006     1     113.057
  2007     1     163.456
  2008     1     181.327
  2009     1     477.868
