Herring in Sub-division 22-24 and Division IIIa (spring-spawners)
                 107
HERAS 0-8+ wr: Acoustic Survey in Div IIIa+IVaE Ages 0-8+ (Number)
                1991      2007
         1         1      0.58      0.67
         0         8
         1           NA           NA   1864000000   1927000000    866000000    350000000     88000000     72000000     10000000
         1   3853000000    277000000   2092000000   1799000000   1593000000    556000000    197000000    122000000     20000000
         1    372000000    103000000   2768000000   1274000000    598000000    434000000    154000000     63000000     13000000
         1    964000000      5000000    413000000    935000000    501000000    239000000    186000000     62000000     34000000
         1           NA   2199000000   1887000000   1022000000   1270000000    255000000    174000000     39000000     21000000
         1           NA   1091000000   1005000000    247000000    141000000    119000000     37000000     20000000     13000000
         1           NA    128000000    715000000    787000000    166000000     67000000     69000000     80000000     77000000
         1           NA    138000000   1682000000    901000000    282000000    111000000     51000000     31000000     53000000
         1           NA           NA           NA           NA           NA           NA           NA           NA           NA
         1           NA   1509200000   1891100000    673600000    363900000    185700000     55600000      6900000      9600000
         1           NA     65500000    641200000    452300000    153100000     96400000     37600000     23000000     11900000
         1           NA   3346200000   1576600000   1392800000    524300000     87500000     39500000     17800000     17100000
         1           NA   1833100000   1110000000    394600000    323400000    103400000     25200000     12000000      5400000
         1           NA   1668600000    929600000    726000000    306900000    183700000     72100000     21500000     18000000
         1           NA   2687000000   1342100000    463500000    201300000    102500000     83600000     37200000     21400000
         1           NA   2081100000   2217000000   1780400000    490000000    180400000     27000000      9500000       100000
         1           NA   3918000000   3621000000    933000000    499000000    154000000     34000000     26000000     14000000
Ger AS 0-8 wr (SD 22-24): Acoustic Survey in Sub div 22-24 Ages 0-8 (Number in thousands)
      1991      2007
         1         1      0.77      0.83
         0         8
         1        -1        -1        -1       -1       -1       -1       -1      -1      -1
         1        -1        -1        -1       -1       -1       -1       -1      -1      -1
         1        -1        -1        -1       -1       -1       -1       -1      -1      -1
         1   4460620    407740    816370   541990   443730   189420    60400   23510    2330
         1   4294090   1207680    311230   332870   345420   248970   126760   39310   27240
         1   1515000   1121440    553590   430490   295170   305550   119260   46980   18910
         1   2706650   1465320    524170   363940   161090   118910    99290   33280   47850
         1   2429870    454850    563940   367990   235040    99550    50660   23640    9330
         1   5022890   1208390    276470   232510   153830    51940     8130    1470    2100
         1   886280    1100070    443310   327730   201210    78740    38610    5920    4190
         1   1789037   1107365   1225498   844093   367392   131657    85821   19508    9701
         1   3680100    592670    368350   561740   338140    61850    23870    2570   13380
         1   3517390    753210    189010   216660   260320    96960    38040    8580    9890
         1   2495610    916950    582430   344970   162150   141760    79030   22600   11770
         1   2909660    684440    591090   391120   190040   105230    89910   25530   16940
         1   3694040    726380    203340   329740   342500   180640   130200   85190   30400
         1   2473000    491000    276000   149000   136000    88000    25000   23000   11000
IYFS Katt Q1 1-5 wr: IYFS Katt Quart1 Age groups 1-5 (Mean Catch in Number)
      1991      2008
         1         1       0.0       0.25
         1         5
         1    189.62    206.00    143.56     25.31     20.45
         1    588.11     82.26     33.45     20.92     12.87
         1   3139.92    553.97     81.12     34.52     50.21
         1   1379.66    256.00    111.95     21.87     31.17
         1    781.17    131.65     29.76     42.28     23.51
         1   1312.33   1404.52    160.49     41.67     22.47
         1   3266.66    228.54    119.14     14.91     18.38
         1    406.57    853.25    165.42     73.98      7.68
         1    309.01     66.05     43.21     20.92     14.00
         1   1933.09    219.12     28.10      9.71      7.09
         1        NA        NA        NA        NA        NA
         1   2335.00    178.00    222.00     23.00      7.00
         1   1363.55   1495.49     40.60     10.00      0.03
         1    146.89    144.48     36.62      6.00      1.78
         1    285.99    256.56     25.95     11.74      4.97
         1    361.32    163.34     48.42     18.77     16.84
         1    346.73    185.47     14.71      9.83      0.01
         1    141.97	 43.81     15.51	   12.06      3.50	
IYFS Katt Q3 1-5 wr: IYFS Katt Quart3 Age groups 1-5 (Mean Catch in Number)
      1991      2007
         1         1       0.5      0.75
         1         5
         1    141.21     83.21    100.87     41.17     23.84
         1    371.52    107.60     69.92     62.96     24.69
         1    403.96    158.74     41.93     36.03     25.13
         1    264.55    229.37    154.22     48.96     35.66
         1    687.33    191.54    113.17     99.09     29.36
         1    631.33    321.79     30.78     17.50     11.28
         1     52.37    122.16     33.19      8.36     13.19
         1    117.53     85.82     22.35     27.32      4.96
         1    292.00    116.29     71.17     33.64     14.30
         1        NA        NA        NA        NA        NA
         1    313.00    190.00     72.00     18.00      2.00
         1   1567.81    168.95    100.21     15.54      5.83
         1    968.84    550.23    170.22     52.71     29.41
         1   1225.15    215.02    143.64     29.99     23.00
         1    607.23    255.41     53.66     23.31     12.54
         1    508.58     78.83     63.57     40.05     31.90
         1    582.45    139.45     22.09     17.88     15.00
Ger AS 0-8 wr (SD 21-24): Acoustic Survey in SD 21-24 Ages 0-8 (Number in thousands)
      1991      2007
         1         1      0.77      0.83
         0         8
         1        -1        -1        -1       -1       -1       -1       -1      -1      -1
         1        -1        -1        -1       -1       -1       -1       -1      -1      -1
         1        -1        -1        -1       -1       -1       -1       -1      -1      -1
         1   5474540    415730    883810   559720   443730   189420    60400   23510    2330                    
         1   5107780   1675340    328610   357960   353850   253510   126760   46430   27240                    
         1   1833130   1439460    590010   434090   295170   305550   119260   46980   18910                    
         1   2859220   1955400    738180   394530   162430   118910    99290   33280   47850                    
         1   2490090    801350    678530   394070   236830   100190    50980   23640    9330                    
         1   5993820   1338710    287240   232510   155950    51940     8130    1470    2100                    
         1   1008910   1429880    453980   328960   201590    78930    38610    5920    4190                    
         1   2477967   1125745   1227188   844603   367392   131657    85821   19508    9701                    
         1   4102588    837549    421393   575356   341119    63678    24520    9690   13380                    
         1   3776780   1238480    222530   217270   260350    96960    38040    8580    9890                    
         1   2554680    968860    592360   346230   163150   143320    79030   22600   11770                    
         1   3055340    752980    640060   401070   191550   105230    89910   25530   16940                    
         1   4158740    950450    274460   376480   352710   182850   131180   85190   30400
         1   2591000    560000    278000   149000   136000    88000    25000   23000   11000 
N20: Larval Surv. (Number in Millions)
                1992      2007
                   1         1       0.3       0.5
                   0         0
                   1      1060
                   1      3044
                   1     12515  
                   1      7930
                   1     21012 
                   1      4872
                   1     16743
                   1     20364
                   1      3026
                   1      4845
                   1     11324
                   1      5507
                   1      5640
                   1      3887
                   1      3774
                   1      1900
N30: Larval Survey Greifswald(Number in thousands)
                1991      2006
                   1         1       0.3       0.5
                   0         0
                   1    236000
                   1     18000
                   1    199000
                   1    788000
                   1    171000
                   1     31000
                   1     54000
                   1        NA
                   1   1945000
                   1    151000
                   1    421000
                   1   2051000
                   1   2005000
                   1    860000
                   1    162000
                   1        NA


				



