
Table  1    Sprat :   Mean weigh in the sea (kg), Calendar year and quarter 

          Age 0  Age 1  Age 2  Age 3
                                    
1974 Q1       .      .      .      .
     Q2       .      .      .      .
     Q3  0.0063 0.0083 0.0135 0.0184
     Q4  0.0058 0.0089 0.0150 0.0197
1975 Q1  0.0050 0.0077 0.0150 0.0197
     Q2  0.0066 0.0107 0.0183 0.0163
     Q3  0.0048 0.0086 0.0129 0.0172
     Q4  0.0075 0.0111 0.0168 0.0216
1976 Q1  0.0048 0.0106 0.0154 0.0192
     Q2  0.0062 0.0116 0.0170 0.0171
     Q3  0.0049 0.0070 0.0113 0.0134
     Q4  0.0043 0.0090 0.0153 0.0190
1977 Q1  0.0022 0.0059 0.0104 0.0126
     Q2  0.0034 0.0057 0.0085 0.0106
     Q3  0.0054 0.0082 0.0126 0.0180
     Q4  0.0059 0.0110 0.0146 0.0196
1978 Q1  0.0023 0.0080 0.0106 0.0138
     Q2  0.0025 0.0063 0.0083 0.0122
     Q3  0.0038 0.0069 0.0122 0.0146
     Q4  0.0044 0.0103 0.0155 0.0196
1979 Q1  0.0031 0.0089 0.0123 0.0166
     Q2  0.0020 0.0052 0.0087 0.0094
     Q3  0.0050 0.0058 0.0087 0.0113
     Q4  0.0057 0.0105 0.0150 0.0173
1980 Q1  0.0032 0.0077 0.0129 0.0165
     Q2  0.0029 0.0106 0.0121 0.0153
     Q3  0.0063 0.0052 0.0068 0.0083
     Q4  0.0051 0.0052 0.0069 0.0083
1981 Q1  0.0032 0.0086 0.0131 0.0168
     Q2  0.0046 0.0073 0.0105 0.0101
     Q3  0.0038 0.0099 0.0129 0.0156
     Q4  0.0082 0.0126 0.0153 0.0194
1982 Q1  0.0049 0.0089 0.0157 0.0194
     Q2  0.0060 0.0139 0.0191 0.0192
     Q3  0.0085 0.0089 0.0171 0.0155
     Q4  0.0071 0.0110 0.0160 0.0219
1983 Q1  0.0029 0.0075 0.0115 0.0174
     Q2  0.0044 0.0078 0.0114 0.0160
     Q3  0.0044 0.0092 0.0128 0.0152
     Q4  0.0042 0.0124 0.0169 0.0211
1984 Q1  0.0034 0.0094 0.0174 0.0163
     Q2  0.0038 0.0093 0.0127 0.0156
     Q3  0.0060 0.0081 0.0121 0.0166
     Q4  0.0053 0.0122 0.0168 0.0164
1985 Q1  0.0093 0.0135 0.0197 0.0197
     Q2  0.0093 0.0135 0.0197 0.0197
     Q3  0.0063 0.0093 0.0135 0.0197
     Q4  0.0051 0.0093 0.0135 0.0197
1986 Q1  0.0073 0.0099 0.0166 0.0166
     Q2  0.0073 0.0099 0.0166 0.0166
     Q3  0.0063 0.0073 0.0099 0.0166
     Q4  0.0051 0.0073 0.0099 0.0166
1987 Q1  0.0083 0.0164 0.0228 0.0163
     Q2  0.0084 0.0156 0.0208 0.0156
     Q3  0.0066 0.0086 0.0117 0.0153
     Q4  0.0060 0.0093 0.0112 0.0165
1988 Q1  0.0064 0.0125 0.0175 0.0206
     Q2  0.0068 0.0125 0.0167 0.0189
     Q3  0.0042 0.0088 0.0115 0.0138
     Q4  0.0046 0.0085 0.0113 0.0137
1989 Q1  0.0052 0.0132 0.0208 0.0158
     Q2  0.0063 0.0117 0.0155 0.0175
     Q3  0.0054 0.0086 0.0099 0.0170
     Q4  0.0044 0.0082 0.0109 0.0130
1990 Q1  0.0048 0.0077 0.0125 0.0155
     Q2  0.0046 0.0086 0.0115 0.0129
     Q3  0.0046 0.0070 0.0092 0.0115
     Q4  0.0038 0.0069 0.0092 0.0113
1991 Q1  0.0044 0.0099 0.0133 0.0156
     Q2  0.0048 0.0089 0.0119 0.0135
     Q3  0.0128 0.0143 0.0154 0.0168
     Q4  0.0048 0.0146 0.0189 0.0168
1992 Q1  0.0052 0.0101 0.0147 0.0172
     Q2  0.0062 0.0118 0.0152 0.0186
     Q3  0.0081 0.0099 0.0124 0.0148
     Q4  0.0058 0.0121 0.0153 0.0178
1993 Q1  0.0035 0.0096 0.0141 0.0179
     Q2  0.0042 0.0078 0.0104 0.0118
     Q3  0.0065 0.0109 0.0123 0.0138
     Q4  0.0075 0.0107 0.0135 0.0164
1994 Q1  0.0022 0.0080 0.0116 0.0152
     Q2  0.0023 0.0128 0.0154 0.0134
     Q3  0.0068 0.0067 0.0095 0.0129
     Q4  0.0087 0.0104 0.0125 0.0151
1995 Q1  0.0030 0.0082 0.0097 0.0140
     Q2  0.0038 0.0068 0.0090 0.0131
     Q3  0.0032 0.0082 0.0117 0.0121
     Q4  0.0051 0.0101 0.0133 0.0155
1996 Q1  0.0084 0.0096 0.0129 0.0158
     Q2  0.0058 0.0107 0.0142 0.0161
     Q3  0.0071 0.0108 0.0142 0.0175
     Q4  0.0079 0.0115 0.0150 0.0169
1997 Q1  0.0029 0.0062 0.0087 0.0103
     Q2  0.0031 0.0057 0.0077 0.0086
     Q3  0.0071 0.0128 0.0148 0.0163
     Q4  0.0058 0.0120 0.0161 0.0199
1998 Q1  0.0071 0.0097 0.0122 0.0147
     Q2  0.0052 0.0095 0.0127 0.0144
     Q3  0.0056 0.0139 0.0166 0.0186
     Q4  0.0050 0.0124 0.0153 0.0177
1999 Q1  0.0043 0.0061 0.0095 0.0094
     Q2  0.0039 0.0073 0.0097 0.0110
     Q3  0.0053 0.0097 0.0115 0.0121
     Q4  0.0046 0.0116 0.0135 0.0164
2000 Q1  0.0036 0.0094 0.0118 0.0138
     Q2  0.0052 0.0097 0.0129 0.0146
     Q3  0.0067 0.0122 0.0148 0.0185
     Q4  0.0062 0.0149 0.0174 0.0183
2001 Q1  0.0051 0.0105 0.0131 0.0150
     Q2  0.0036 0.0046 0.0080 0.0135
     Q3  0.0078 0.0109 0.0118 0.0159
     Q4  0.0048 0.0116 0.0136 0.0166
2002 Q1  0.0062 0.0127 0.0150 0.0162
     Q2  0.0065 0.0120 0.0161 0.0181
     Q3  0.0073 0.0109 0.0141 0.0154
     Q4  0.0077 0.0122 0.0142 0.0158
2003 Q1  0.0047 0.0101 0.0133 0.0145
     Q2  0.0060 0.0116 0.0129 0.0155
     Q3  0.0042 0.0125 0.0146 0.0228
     Q4  0.0058 0.0108 0.0145 0.0167
2004 Q1  0.0049 0.0115 0.0135 0.0141
     Q2  0.0050 0.0092 0.0123 0.0139
     Q3  0.0088 0.0116 0.0139 0.0154
     Q4  0.0041 0.0094 0.0126 0.0153
2005 Q1  0.0030 0.0097 0.0112 0.0130
     Q2  0.0044 0.0093 0.0115 0.0129
     Q3  0.0076 0.0097 0.0130 0.0154
     Q4  0.0066 0.0103 0.0115 0.0141
2006 Q1  0.0055 0.0080 0.0114 0.0138
     Q2  0.0047 0.0087 0.0115 0.0130
     Q3  0.0063 0.0108 0.0133 0.0152
     Q4  0.0055 0.0143 0.0158 0.0180
2007 Q1  0.0041 0.0095 0.0129 0.0134
     Q2  0.0050 0.0093 0.0124 0.0139
     Q3  0.0063 0.0119 0.0131 0.0149
     Q4  0.0065 0.0101 0.0127 0.0151
2008 Q1  0.0045 0.0075 0.0106 0.0126
     Q2  0.0048 0.0089 0.0118 0.0133
     Q3  0.0088 0.0103 0.0114 0.0131
     Q4  0.0044 0.0076 0.0126 0.0142
2009 Q1  0.0034 0.0076 0.0082 0.0085
     Q2  0.0044 0.0068 0.0090 0.0081
     Q3  0.0063 0.0096 0.0123 0.0142
     Q4  0.0046 0.0095 0.0130 0.0160
2010 Q1  0.0043 0.0077 0.0103 0.0135
     Q2  0.0087 0.0096 0.0105 0.0141
     Q3  0.0066 0.0080 0.0097 0.0137
     Q4  0.0047 0.0094 0.0114 0.0148
2011 Q1  0.0050 0.0072 0.0094 0.0130
     Q2  0.0038 0.0071 0.0095 0.0107
     Q3  0.0052 0.0085 0.0101 0.0134
     Q4  0.0044 0.0089 0.0114 0.0145
2012 Q1  0.0042 0.0102 0.0128 0.0171
     Q2  0.0050 0.0092 0.0123 0.0139
     Q3  0.0085 0.0087 0.0106 0.0150
     Q4  0.0072 0.0087 0.0119 0.0152
2013 Q1  0.0040 0.0069 0.0113 0.0146
     Q2  0.0047 0.0087 0.0117 0.0132
     Q3  0.0061 0.0096 0.0120 0.0150
     Q4  0.0043 0.0097 0.0124 0.0156
2014 Q1  0.0026 0.0051 0.0071 0.0084
     Q2  0.0022 0.0094 0.0128 0.0153
     Q3  0.0086 0.0086 0.0104 0.0168
     Q4  0.0070 0.0079 0.0116 0.0139
2015 Q1  0.0053 0.0083 0.0116 0.0119
     Q2  0.0065 0.0099 0.0101 0.0115
     Q3  0.0076 0.0082 0.0104 0.0150
     Q4  0.0072 0.0088 0.0109 0.0155
2016 Q1  0.0038 0.0078 0.0107 0.0153
     Q2  0.0044 0.0082 0.0109 0.0123
     Q3  0.0041 0.0077 0.0112 0.0145
     Q4  0.0051 0.0074 0.0118 0.0145
2017 Q1  0.0073 0.0143 0.0199 0.0235
     Q2  0.0076 0.0141 0.0188 0.0212
     Q3  0.0064 0.0083 0.0103 0.0139
     Q4  0.0038 0.0078 0.0099 0.0162
2018 Q1  0.0042 0.0064 0.0098 0.0130
     Q2  0.0076 0.0141 0.0188 0.0212
     Q3  0.0046 0.0066 0.0086 0.0123
     Q4  0.0053 0.0074 0.0097 0.0132
2019 Q1  0.0042 0.0066 0.0097 0.0128
     Q2  0.0076 0.0141 0.0188 0.0212
     Q3       .      .      .      .
     Q4       .      .      .      .
