#mav0    mav1    mav2    mav3    Year    Quarter        
0.482857111    0.456422333    0.401884556    0.279593556    #    1974    1    
0.326747667    0.235424222    0.217345111    0.187754567    #    1974    2    
0.296626    0.274689667    0.174943333    0.174943333    #    1974    3    
0.444899    0.409145333    0.317799667    0.317799667    #    1974    4    
0.518350333    0.492266    0.422257    0.236604333    #    1975    1    
0.289483667    0.220191    0.199950667    0.169448033    #    1975    2    
0.329164333    0.298634    0.218144667    0.218144667    #    1975    3    
0.473564    0.44162    0.422888667    0.422888667    #    1975    4    
0.489720667    0.466338    0.415041333    0.290053333    #    1976    1    
0.317873667    0.241554333    0.224652    0.194676    #    1976    2    
0.364066667    0.332446    0.240275    0.240275    #    1976    3    
0.485380333    0.443044667    0.420767333    0.420767333    #    1976    4    
0.440500333    0.410663    0.368355333    0.312123    #    1977    1    
0.372885667    0.244527333    0.227432667    0.199139667    #    1977    2    
0.379611    0.351334333    0.248324    0.248324    #    1977    3    
0.489555667    0.43967    0.431873    0.431873    #    1977    4    
0.411115333    0.397839    0.384897333    0.329772    #    1978    1    
0.347257333    0.230318333    0.218406    0.192224333    #    1978    2    
0.381769333    0.356480667    0.207537667    0.207537667    #    1978    3    
0.444771    0.396386667    0.374099667    0.374099667    #    1978    4    
0.436154333    0.423949333    0.418712333    0.404554667    #    1979    1    
0.416074667    0.252009    0.245079    0.226590333    #    1979    2    
0.393302333    0.366066333    0.231546667    0.231546667    #    1979    3    
0.444375333    0.389349667    0.376957333    0.376957333    #    1979    4    
0.470001667    0.463560667    0.443658    0.415235333    #    1980    1    
0.447383    0.261263333    0.256933333    0.229839667    #    1980    2    
0.38776    0.355083667    0.232377667    0.232377667    #    1980    3    
0.418981333    0.372197    0.336392    0.336392    #    1980    4    
0.500673333    0.485668333    0.447571333    0.360278333    #    1981    1    
0.409368    0.271108333    0.267070333    0.231667667    #    1981    2    
0.360579333    0.313672    0.222216333    0.222216333    #    1981    3    
0.376388    0.330268333    0.266923533    0.266923533    #    1981    4    
0.51054    0.431219667    0.377282667    0.245164467    #    1982    1    
0.331179    0.2305    0.216607333    0.177491    #    1982    2    
0.305202    0.231219667    0.181968    0.181968    #    1982    3    
0.317976667    0.276865333    0.205363867    0.205363867    #    1982    4    
0.532429667    0.428793667    0.348732667    0.224112133    #    1983    1    
0.336244333    0.235144667    0.217321333    0.193900333    #    1983    2    
0.296154667    0.206616667    0.173073667    0.173073667    #    1983    3    
0.312254    0.259439667    0.1683331    0.1683331    #    1983    4    
0.538589667    0.425434667    0.287160667    0.1822884    #    1984    1    
0.396568667    0.235565667    0.209037667    0.189295    #    1984    2    
0.308911667    0.238538667    0.177458667    0.177458667    #    1984    3    
0.321414667    0.274209333    0.197271567    0.197271567    #    1984    4    
0.549243667    0.501501667    0.373236667    0.1980346    #    1985    1    
0.482153    0.276912667    0.251064667    0.209864333    #    1985    2    
0.322624333    0.248811333    0.177543667    0.177543667    #    1985    3    
0.318304667    0.269351    0.165030333    0.165030333    #    1985    4    
0.5898    0.533600667    0.421580333    0.2542986    #    1986    1    
0.452236333    0.313071667    0.287733667    0.227312667    #    1986    2    
0.345933    0.258365333    0.187763333    0.187763333    #    1986    3    
0.335175    0.284427333    0.1692981    0.1692981    #    1986    4    
0.595969333    0.483919667    0.442988667    0.256326667    #    1987    1    
0.470381    0.315341    0.299159    0.231661333    #    1987    2    
0.356336667    0.216639667    0.190032333    0.190032333    #    1987    3    
0.337880333    0.281015    0.184638433    0.184638433    #    1987    4    
0.621511    0.501737667    0.455183    0.258401    #    1988    1    
0.492799333    0.341759    0.315700667    0.270290333    #    1988    2    
0.371403667    0.238469333    0.220013    0.220013    #    1988    3    
0.361353667    0.301405667    0.232579333    0.232579333    #    1988    4    
0.603473333    0.509177333    0.433367333    0.214092    #    1989    1    
0.525327667    0.332107667    0.293838667    0.260897    #    1989    2    
0.356062    0.228407    0.221288333    0.221288333    #    1989    3    
0.374166    0.311822333    0.281377333    0.281377333    #    1989    4    
0.517795    0.488955    0.402378333    0.244266667    #    1990    1    
0.495609333    0.330659333    0.283153333    0.260576667    #    1990    2    
0.336943667    0.260108333    0.249011    0.249011    #    1990    3    
0.386954333    0.318590667    0.286781    0.286781    #    1990    4    
0.462204667    0.423101333    0.320119667    0.263019667    #    1991    1    
0.395548333    0.269299333    0.231838667    0.211125    #    1991    2    
0.310369333    0.263733667    0.223470667    0.223470667    #    1991    3    
0.388891333    0.320110667    0.287164333    0.287164333    #    1991    4    
0.410086333    0.360023667    0.281406333    0.254797    #    1992    1    
0.312049333    0.226749    0.203566333    0.180107    #    1992    2    
0.293929    0.275142667    0.212169    0.212169    #    1992    3    
0.370705333    0.299034333    0.270241667    0.270241667    #    1992    4    
0.455502667    0.413747333    0.340245    0.303312    #    1993    1    
0.238336    0.208602    0.189576667    0.173370667    #    1993    2    
0.272194    0.253044667    0.192109667    0.192109667    #    1993    3    
0.347464333    0.274357333    0.243935    0.243935    #    1993    4    
0.502422667    0.446483    0.348089    0.336509333    #    1994    1    
0.292317    0.223322667    0.196672667    0.181539    #    1994    2    
0.257639333    0.219491333    0.19017    0.19017    #    1994    3    
0.317757    0.247762333    0.222901667    0.222901667    #    1994    4    
0.512056667    0.459508667    0.338474333    0.307561333    #    1995    1    
0.290218667    0.223147    0.195421    0.181515667    #    1995    2    
0.22194    0.190791333    0.177989567    0.177989567    #    1995    3    
0.264640333    0.210947    0.189647333    0.189647333    #    1995    4    
0.504177333    0.395163333    0.263232667    0.213992667    #    1996    1    
0.363138667    0.227084    0.201776    0.176630333    #    1996    2    
0.214790667    0.171346    0.150991567    0.150991567    #    1996    3    
0.237940667    0.194826667    0.156129333    0.156129333    #    1996    4    
0.451157333    0.293018333    0.210383667    0.154945    #    1997    1    
0.297504667    0.204046333    0.187318    0.1538062    #    1997    2    
0.227274333    0.193018    0.170793233    0.170793233    #    1997    3    
0.269067333    0.214288667    0.171015333    0.171015333    #    1997    4    
0.42959    0.282534    0.22647    0.190364667    #    1998    1    
0.361769333    0.197063    0.176427667    0.145300633    #    1998    2    
0.251547333    0.208793667    0.172717333    0.172717333    #    1998    3    
0.317828    0.245265333    0.196725333    0.196725333    #    1998    4    
0.421402667    0.287226    0.232492667    0.214240667    #    1999    1    
0.290566    0.190571    0.169403    0.152329967    #    1999    2    
0.274501    0.240719667    0.19105    0.19105    #    1999    3    
0.334612667    0.267128333    0.242347    0.242347    #    1999    4    
0.406023667    0.341546333    0.253192667    0.218544333    #    2000    1    
0.355138333    0.198814333    0.180217667    0.1695391    #    2000    2    
0.253643    0.213127333    0.156920767    0.156920767    #    2000    3    
0.278611667    0.235664333    0.192072667    0.192072667    #    2000    4    
0.408792    0.327869667    0.233082667    0.190164333    #    2001    1    
0.299105667    0.21312    0.201949    0.194766667    #    2001    2    
0.266444333    0.22548    0.191234767    0.191234767    #    2001    3    
0.306305667    0.258432333    0.213201    0.213201    #    2001    4    
0.434478    0.321474333    0.240284667    0.170688867    #    2002    1    
0.315437333    0.222536    0.213876333    0.205629    #    2002    2    
0.251825667    0.206168    0.194325433    0.194325433    #    2002    3    
0.322662667    0.261623667    0.217799    0.217799    #    2002    4    
0.419368    0.26906    0.215428667    0.168427867    #    2003    1    
0.294816667    0.228672667    0.208468    0.203998    #    2003    2    
0.258955    0.229166667    0.225632333    0.225632333    #    2003    3    
0.382599    0.308146667    0.285941667    0.285941667    #    2003    4    
0.436328    0.276005333    0.230680667    0.191949867    #    2004    1    
0.277950667    0.216065    0.192519667    0.184805333    #    2004    2    
0.231013667    0.211859    0.207591667    0.207591667    #    2004    3    
0.375765667    0.302347    0.278369667    0.278369667    #    2004    4    
0.441624667    0.320546667    0.226986    0.215991667    #    2005    1    
0.3092    0.218678333    0.180987667    0.173732667    #    2005    2    
0.220471333    0.200812    0.179292533    0.179292533    #    2005    3    
0.366783333    0.291320667    0.224991933    0.224991933    #    2005    4    
0.503923667    0.314539333    0.225624667    0.214630333    #    2006    1    
0.264692333    0.211573333    0.172425667    0.166196667    #    2006    2    
0.217050667    0.196865333    0.172490867    0.172490867    #    2006    3    
0.364286    0.277220667    0.2023296    0.2023296    #    2006    4    
0.480077667    0.312222667    0.204242    0.184122667    #    2007    1    
0.287491667    0.221759333    0.170203    0.166330333    #    2007    2    
0.210232667    0.174755167    0.152117733    0.152117733    #    2007    3    
0.312344667    0.237466667    0.1750186    0.1750186    #    2007    4    
0.477841667    0.306641667    0.187454667    0.166284133    #    2008    1    
0.268767333    0.203329667    0.156934    0.1510741    #    2008    2    
0.200369333    0.173103167    0.166627867    0.166627867    #    2008    3    
0.303983    0.225445    0.196899333    0.196899333    #    2008    4    
0.444163333    0.362028667    0.233127    0.162330467    #    2009    1    
0.327040333    0.200189667    0.157572    0.150077767    #    2009    2    
0.190446    0.169702833    0.1634232    0.1634232    #    2009    3    
0.292534667    0.215318    0.189694    0.189694    #    2009    4    
0.527184667    0.412450667    0.312094667    0.170493467    #    2010    1    
0.395296    0.217095667    0.179411333    0.1641531    #    2010    2    
0.206689    0.182157    0.159284    0.159284    #    2010    3    
0.308963667    0.226390667    0.196778333    0.196778333    #    2010    4    
0.510709333    0.436909333    0.385712    0.181773667    #    2011    1    
0.380864667    0.2385    0.193390333    0.179385667    #    2011    2    
0.228673667    0.2021    0.179239667    0.179239667    #    2011    3    
0.338046667    0.25361    0.224317667    0.224317667    #    2011    4    
0.509197333    0.431548667    0.344029667    0.176187033    #    2012    1    
0.368348    0.238329667    0.190949667    0.178242    #    2012    2    
0.218933333    0.175767167    0.145275833    0.145275833    #    2012    3    
0.291782667    0.225115    0.179619567    0.179619567    #    2012    4    
0.399109667    0.367118667    0.285315667    0.1495224    #    2013    1    
0.271071    0.208517667    0.1637634    0.1576875    #    2013    2    
0.206458    0.174998833    0.148285267    0.148285267    #    2013    3    
0.269964667    0.220852    0.1782839    0.1782839    #    2013    4    
0.366997    0.335006    0.245037    0.139866367    #    2014    1    
0.2574    0.198341667    0.1669074    0.1535525    #    2014    2    
0.211477333    0.1808605    0.153404933    0.153404933    #    2014    3    
0.271934333    0.227088667    0.183693233    0.183693233    #    2014    4    
0.365097667    0.339272    0.249068333    0.1394773    #    2015    1    
0.237086333    0.193542333    0.163729067    0.1491802    #    2015    2    
0.212289555    0.177208833    0.148988678    0.148988678    #    2015    3    (average
0.277893889    0.224351889    0.180532233    0.180532233    #    2015    4    (average
0.377068111    0.347132222    0.259807    0.142955356    #    2016    1    (average
0.255185778    0.200133889    0.164799956    0.1534734    #    2016    2    (average
0.212289555    0.177208833    0.148988678    0.148988678    #    2016    3    (average
0.277893889    0.224351889    0.180532233    0.180532233    #    2016    4    (average
0.377068111    0.347132222    0.259807    0.142955356    #    2017    1    (average
0.255185778    0.200133889    0.164799956    0.1534734    #    2017    2    (average
0.212289555    0.177208833    0.148988678    0.148988678    #    2017    3    (average
0.277893889    0.224351889    0.180532233    0.180532233    #    2017    4    (average
0.377068111    0.347132222    0.259807    0.142955356    #    2018    1    (average
0.255185778    0.200133889    0.164799956    0.1534734    #    2018    2    (average
0.212289555    0.177208833    0.148988678    0.148988678    #    2018    3    (average
0.277893889    0.224351889    0.180532233    0.180532233    #    2018    4    (average
