Catch in Numbers (thousands)
1 2
1957 2010
1 9
1
         0          7709        9965        1394        6235        2062         943         287         490       
         100        3349        9410        6130        4065        5584        3279        1192        2195
         1060       7251        3585        8642        3222        1757        2002         858         839
         516       18221        7373        3551        2284         770        1020         578         326
         1768       7129       14342        6598        2481        2392         566         706         387
         259        7170        5535       10427        5235        3322        4111        1653        1525
         132        6446        5929        2032        3192        3541        2079        1293        2517
         88         7030        5903        4048        2195        3972        3779        1830        3559
         234        3847       10135        9008        2426        2019        6349        2737        4276
         0         16809       11894       10319        7392        3356        7112        2987        6109
         0          1232        55013      12681        9071        6348        3455        4862        8165
         574       10192        4702       78638        5316        4534        1889         839        3340
         1495      15038       13013        4410       54809        4918        3234        1954        3136
         135       35114       26007       13243        3895       40181        2982        1667        1911
         883        6177        7038       10856        8826        3938       40553        2286        2160
        1001       28786       20534        6191       11145       10057        4243       47182        4305
        6423       40390       47389       16863        7432       12383        9191        1969       50980
        3374       29406       41116       44579       17857        8882       10901       10272       30549
        7360       41308       25117       29192       23718       10703        5909        9378       32029
       16613       29011       37512       26544       25317       15000        5208        3596       15703
        4485       44512       13396       17176       12209        9924        5534        1360        4150
       10170       40320       27079       13308       10685        5356        4270        3638        3324
        5919       50071       19161       19969        9349        8422        5443        4423        4090
        2856       40058       64946       25140       22126        7748        6946        4344        5334
        1620       22265       41794       31460       12812       12746        3461        2735        5220
         748       18136       17004       28220       18280        8121        4089        3249        2875
        1517       43688       49534       25316       31782       18320        6695        3329        4251
        2794       81481       28660       17854        7190       12836        5974        2008        4020
        9606       15143       67355       12756       11241        7638        9185        7587        2168
         918       27110       27818       66383       14644        7988        5696        5422        2127
       12149       44160       80213       41504       99222       15226       12639        6082       10187
           0       29135       46300       41008       23381       45692        6946        2482        1964
        2241        6919       78842       26149       21481       15008       24917        4213        3036
         878       24977       19500      151978       24362       20164       16314        8184        1130
         675       34437       27810       12420      100444       17921       14865       11311        7660
        2592       15519       42532       26839       12565       73307        8535        8203        6286
         191       20562       22666       41967       23379       13547       67265        7671        6013
       11709       56156       31225       16877       21772       13644        8597       31729       10093
         284       34471       35414       18617       19133       16081        5749        8585       14215
        4776       24424       69307       31128        9842       15314        8158       12463        6472
        7458       56329       25946       38742       14583        5977        8351        3418        4264
        7437       72777       80612       38326       30165        9138        5282        3434        2942
        2392       51254       61329       34901       10092        5887        1880        1086         949
        4101       34564       38925       30706       13345        2735        1464         690        1602
        2316       21717       21780       17533       18450        9953        1741        1027         508
        4058       32640       37749       18882       11623        10215       2747        1605         644
        1731       32819       28714       24189        9432        5176        2525         923         303
        1401       15122       32992       19720        9006        4924        1547         975         323
         209       28123       30896       26887       10774        5452        1348         858         243
         598       22036       36700       30581       21956        9080        2418         832         369
          76       24577       43958       23399       13738        5474        1825         231         131
         483       12265       19661       28483       11110        5989        2738         745         267
         202       12574       12077       12096       12574        5239        2040         853          17
        1271       13507       20127       6541        7588         6780        2563         661         189
