Proportion Mature at Year Start
1 6
1957 2010
1 9
1
  0.0  1.0  1.0  1.0  1.0  1.0  1.0  1.0  1.0
  0.0  1.0  1.0  1.0  1.0  1.0  1.0  1.0  1.0
  0.0  1.0  1.0  1.0  1.0  1.0  1.0  1.0  1.0
  0.0  1.0  1.0  1.0  1.0  1.0  1.0  1.0  1.0
  0.0  1.0  1.0  1.0  1.0  1.0  1.0  1.0  1.0
  0.0  1.0  1.0  1.0  1.0  1.0  1.0  1.0  1.0
  0.0  1.0  1.0  1.0  1.0  1.0  1.0  1.0  1.0
  0.0  1.0  1.0  1.0  1.0  1.0  1.0  1.0  1.0
  0.0  1.0  1.0  1.0  1.0  1.0  1.0  1.0  1.0
  0.0  1.0  1.0  1.0  1.0  1.0  1.0  1.0  1.0
  0.0  1.0  1.0  1.0  1.0  1.0  1.0  1.0  1.0
  0.0  1.0  1.0  1.0  1.0  1.0  1.0  1.0  1.0
  0.0  1.0  1.0  1.0  1.0  1.0  1.0  1.0  1.0
  0.0  1.0  1.0  1.0  1.0  1.0  1.0  1.0  1.0
  0.0  1.0  1.0  1.0  1.0  1.0  1.0  1.0  1.0
  0.0  1.0  1.0  1.0  1.0  1.0  1.0  1.0  1.0
  0.0  1.0  1.0  1.0  1.0  1.0  1.0  1.0  1.0
  0.0  1.0  1.0  1.0  1.0  1.0  1.0  1.0  1.0
  0.0  1.0  1.0  1.0  1.0  1.0  1.0  1.0  1.0
  0.0  1.0  1.0  1.0  1.0  1.0  1.0  1.0  1.0
  0.0  1.0  1.0  1.0  1.0  1.0  1.0  1.0  1.0
  0.0  1.0  1.0  1.0  1.0  1.0  1.0  1.0  1.0
  0.0  1.0  1.0  1.0  1.0  1.0  1.0  1.0  1.0
  0.0  1.0  1.0  1.0  1.0  1.0  1.0  1.0  1.0
  0.0  1.0  1.0  1.0  1.0  1.0  1.0  1.0  1.0
  0.0  1.0  1.0  1.0  1.0  1.0  1.0  1.0  1.0
  0.0  1.0  1.0  1.0  1.0  1.0  1.0  1.0  1.0
  0.0  1.0  1.0  1.0  1.0  1.0  1.0  1.0  1.0
  0.0  1.0  1.0  1.0  1.0  1.0  1.0  1.0  1.0
  0.0  1.0  1.0  1.0  1.0  1.0  1.0  1.0  1.0
  0.0  1.0  1.0  1.0  1.0  1.0  1.0  1.0  1.0
  0.0  1.0  1.0  1.0  1.0  1.0  1.0  1.0  1.0
  0.0  1.0  1.0  1.0  1.0  1.0  1.0  1.0  1.0
  0.0  1.0  1.0  1.0  1.0  1.0  1.0  1.0  1.0
  0.0  1.0  1.0  1.0  1.0  1.0  1.0  1.0  1.0
  0.0  1.0  1.0  1.0  1.0  1.0  1.0  1.0  1.0
  0.0  1.0  1.0  1.0  1.0  1.0  1.0  1.0  1.0
  0.0  1.0  1.0  1.0  1.0  1.0  1.0  1.0  1.0
  0.0  1.0  1.0  1.0  1.0  1.0  1.0  1.0  1.0
  0.0  1.0  1.0  1.0  1.0  1.0  1.0  1.0  1.0
  0.0  1.0  1.0  1.0  1.0  1.0  1.0  1.0  1.0
  0.0  1.0  1.0  1.0  1.0  1.0  1.0  1.0  1.0
  0.0  1.0  1.0  1.0  1.0  1.0  1.0  1.0  1.0
  0.0  1.0  1.0  1.0  1.0  1.0  1.0  1.0  1.0
  0.0  1.0  1.0  1.0  1.0  1.0  1.0  1.0  1.0
  0.0  1.0  1.0  1.0  1.0  1.0  1.0  1.0  1.0
  0.0  1.0  1.0  1.0  1.0  1.0  1.0  1.0  1.0
  0.0  1.0  1.0  1.0  1.0  1.0  1.0  1.0  1.0
  0.0  1.0  1.0  1.0  1.0  1.0  1.0  1.0  1.0
  0.0  1.0  1.0  1.0  1.0  1.0  1.0  1.0  1.0
  0.0  1.0  1.0  1.0  1.0  1.0  1.0  1.0  1.0
  0.0  1.0  1.0  1.0  1.0  1.0  1.0  1.0  1.0
  0.0  1.0  1.0  1.0  1.0  1.0  1.0  1.0  1.0
  0.0  1.0  1.0  1.0  1.0  1.0  1.0  1.0  1.0