Natural Mortality                3/16/2011   13:14
       1       5
  1960    2010
       0   9
       1
       1       1     0.3     0.2       0.1     0.1     0.1     0.1     0.1     0.1
       1       1     0.3     0.2       0.1     0.1     0.1     0.1     0.1     0.1
       1       1     0.3     0.2       0.1     0.1     0.1     0.1     0.1     0.1
       1       1     0.3     0.2       0.1     0.1     0.1     0.1     0.1     0.1
       1       1     0.3     0.2       0.1     0.1     0.1     0.1     0.1     0.1
       1       1     0.3     0.2       0.1     0.1     0.1     0.1     0.1     0.1
       1       1     0.3     0.2       0.1     0.1     0.1     0.1     0.1     0.1
       1       1     0.3     0.2       0.1     0.1     0.1     0.1     0.1     0.1
       1       1     0.3     0.2       0.1     0.1     0.1     0.1     0.1     0.1
       1       1     0.3     0.2       0.1     0.1     0.1     0.1     0.1     0.1
       1       1     0.3     0.2       0.1     0.1     0.1     0.1     0.1     0.1
       1       1     0.3     0.2       0.1     0.1     0.1     0.1     0.1     0.1
       1       1     0.3     0.2       0.1     0.1     0.1     0.1     0.1     0.1
       1       1     0.3     0.2       0.1     0.1     0.1     0.1     0.1     0.1
       1       1     0.3     0.2       0.1     0.1     0.1     0.1     0.1     0.1
       1       1     0.3     0.2       0.1     0.1     0.1     0.1     0.1     0.1
       1       1     0.3     0.2       0.1     0.1     0.1     0.1     0.1     0.1
       1       1     0.3     0.2       0.1     0.1     0.1     0.1     0.1     0.1
       1       1     0.3     0.2       0.1     0.1     0.1     0.1     0.1     0.1
       1       1     0.3     0.2       0.1     0.1     0.1     0.1     0.1     0.1
       1       1     0.3     0.2       0.1     0.1     0.1     0.1     0.1     0.1
       1       1     0.3     0.2       0.1     0.1     0.1     0.1     0.1     0.1
       1       1     0.3     0.2       0.1     0.1     0.1     0.1     0.1     0.1
       1       1     0.3     0.2       0.1     0.1     0.1     0.1     0.1     0.1
       1       1     0.3     0.2       0.1     0.1     0.1     0.1     0.1     0.1
       1       1     0.3     0.2       0.1     0.1     0.1     0.1     0.1     0.1
       1       1     0.3     0.2       0.1     0.1     0.1     0.1     0.1     0.1
       1       1     0.3     0.2       0.1     0.1     0.1     0.1     0.1     0.1
       1       1     0.3     0.2       0.1     0.1     0.1     0.1     0.1     0.1
       1       1     0.3     0.2       0.1     0.1     0.1     0.1     0.1     0.1
       1       1     0.3     0.2       0.1     0.1     0.1     0.1     0.1     0.1
       1       1     0.3     0.2       0.1     0.1     0.1     0.1     0.1     0.1
       1       1     0.3     0.2       0.1     0.1     0.1     0.1     0.1     0.1
       1       1     0.3     0.2       0.1     0.1     0.1     0.1     0.1     0.1
       1       1     0.3     0.2       0.1     0.1     0.1     0.1     0.1     0.1
       1       1     0.3     0.2       0.1     0.1     0.1     0.1     0.1     0.1
       1       1     0.3     0.2       0.1     0.1     0.1     0.1     0.1     0.1
       1       1     0.3     0.2       0.1     0.1     0.1     0.1     0.1     0.1
       1       1     0.3     0.2       0.1     0.1     0.1     0.1     0.1     0.1
       1       1     0.3     0.2       0.1     0.1     0.1     0.1     0.1     0.1
       1       1     0.3     0.2       0.1     0.1     0.1     0.1     0.1     0.1
       1       1     0.3     0.2       0.1     0.1     0.1     0.1     0.1     0.1
       1       1     0.3     0.2       0.1     0.1     0.1     0.1     0.1     0.1
       1       1     0.3     0.2       0.1     0.1     0.1     0.1     0.1     0.1
       1       1     0.3     0.2       0.1     0.1     0.1     0.1     0.1     0.1
       1       1     0.3     0.2       0.1     0.1     0.1     0.1     0.1     0.1
       1       1     0.3     0.2       0.1     0.1     0.1     0.1     0.1     0.1
       1       1     0.3     0.2       0.1     0.1     0.1     0.1     0.1     0.1
       1       1     0.3     0.2       0.1     0.1     0.1     0.1     0.1     0.1
       1       1     0.3     0.2       0.1     0.1     0.1     0.1     0.1     0.1
       1       1     0.3     0.2       0.1     0.1     0.1     0.1     0.1     0.1

