NEA Mackerel fishing mortality - harvest (units : f )
1	12	
1972	2007	
0	12	
1 
0.005438633 0.007217149 0.02667157 0.0515525 0.0935406 0 0 0 0 0 0 0 0
0.00384431 0.02775303 0.01809454 0.06854383 0.1404519 0.1536604 0.1946657 0.2206580 0.2203946 0.2302355 0.2386137 0.2304905 0.2304905
0.007899286 0.02885854 0.03407515 0.04521381 0.1190614 0.1973034 0.1737363 0.2833300 0.2829917 0.2956276 0.3063854 0.2959551 0.2959551
0.007936695 0.01999385 0.02950916 0.07445318 0.09610137 0.1776137 0.1627156 0.3912535 0.2547508 0.2661257 0.27581 0.2664205 0.2664205
0.01369547 0.07507425 0.09749261 0.1516835 0.2077107 0.1494522 0.2026731 0.3700812 0.3132679 0.2239302 0.2320790 0.2241783 0.2241783
0.006746148 0.04592965 0.1111991 0.1144051 0.1279443 0.1086154 0.1179507 0.2291016 0.3780587 0.2378545 0.1686650 0.1629231 0.1629231
0.01157528 0.04566962 0.1916882 0.2064897 0.1904328 0.2098664 0.1684898 0.1440747 0.2364850 0.3529138 0.3853361 0.3147996 0.3147996
0.02348581 0.1516061 0.1041247 0.3098633 0.2594319 0.2468081 0.2722941 0.2877989 0.1950549 0.3700678 0.498546 0.6111665 0.6111665
0.00641247 0.1043153 0.2319735 0.1401399 0.2579822 0.2572876 0.205233 0.2397402 0.2602559 0.2142975 0.330177 0.5313415 0.5313415
0.008443379 0.06435405 0.1694732 0.1972234 0.09310596 0.2140743 0.2645894 0.2423839 0.3168431 0.3004883 0.3707692 0.4458567 0.4458567
0.005897573 0.03787678 0.1288815 0.2252133 0.225168 0.0961846 0.2337481 0.2592270 0.2817391 0.3651461 0.3179667 0.3962636 0.3962636
0.005010681 0.02988565 0.1508644 0.1744121 0.2636292 0.2245604 0.09338704 0.2212673 0.2487367 0.2298402 0.3345601 0.373186 0.373186
0.04261233 0.02571051 0.06537285 0.2142841 0.2202839 0.2693493 0.2569714 0.1328905 0.2197657 0.2462955 0.2628193 0.3315324 0.3315324
0.02668577 0.04850602 0.02001782 0.05468686 0.1999290 0.2062229 0.2690927 0.2440210 0.1580690 0.2479981 0.2936557 0.2892345 0.2892345
0.01570590 0.02258244 0.09551938 0.04410728 0.08953016 0.2358929 0.2476300 0.3199218 0.2474003 0.1481035 0.255415 0.2774337 0.2774337
0.001549502 0.01487497 0.07415963 0.2005456 0.08047744 0.135197 0.2327123 0.2695302 0.3537695 0.3097301 0.3131452 0.3083335 0.3083335
0.01745944 0.03784194 0.06154311 0.1150045 0.2348472 0.1337268 0.1802307 0.2877412 0.3454374 0.387101 0.2891857 0.3373113 0.3373113
0.01613072 0.02307538 0.0962138 0.1178918 0.1330824 0.2320158 0.1177071 0.1657435 0.2414415 0.3108391 0.3806524 0.3031682 0.3031682
0.008176463 0.04143216 0.09264952 0.1672078 0.1573788 0.1679571 0.2390216 0.1355697 0.1972763 0.2791486 0.2297831 0.3246155 0.3246155
0.002897746 0.02326255 0.07719534 0.1175581 0.2146388 0.1976686 0.1923945 0.2800606 0.2259812 0.2499958 0.3707799 0.3145612 0.3145612
0.009931616 0.02855582 0.07586338 0.1697233 0.2069925 0.2570776 0.2357295 0.2449311 0.3047068 0.3493998 0.3257509 0.3589004 0.3589004
0.003734432 0.03479035 0.08841969 0.1696752 0.2743822 0.2805224 0.3339960 0.351375 0.3235834 0.4497882 0.4582493 0.4380357 0.4380357
0.005756062 0.03363388 0.07371062 0.1703265 0.2423900 0.324886 0.3349319 0.4185604 0.4244438 0.4509621 0.3761536 0.4390578 0.4390578
0.003736508 0.02178619 0.09639303 0.1466348 0.2146592 0.2518598 0.3463738 0.4390229 0.4472726 0.5110779 0.4324197 0.4297058 0.4297058
0.006287175 0.02267211 0.056837 0.1115753 0.1740634 0.2118058 0.2683277 0.3041556 0.3037925 0.3173572 0.3289057 0.3177087 0.3177087
0.005995532 0.02162042 0.05420051 0.1063996 0.1659891 0.2019808 0.2558808 0.2900467 0.2897005 0.3026359 0.3136488 0.3029712 0.3029712
0.006985595 0.02519068 0.06315083 0.1239698 0.1933995 0.2353346 0.2981353 0.3379432 0.3375397 0.3526113 0.3654427 0.3530019 0.3530019
0.007354819 0.02652213 0.06648866 0.1305222 0.2036216 0.2477732 0.3138932 0.3558051 0.3553803 0.3712485 0.3847582 0.3716598 0.3716598
0.008610951 0.03105185 0.07784428 0.1528141 0.2383982 0.2900904 0.3675032 0.4165732 0.4160759 0.4346542 0.4504711 0.4351357 0.4351357
0.0097476 0.03515071 0.08811976 0.1729856 0.2698669 0.3283825 0.4160137 0.471561 0.470998 0.4920287 0.5099335 0.4925737 0.4925737
0.01086858 0.03919308 0.09825362 0.1928791 0.3009019 0.3661468 0.4638558 0.5257911 0.5251633 0.5486125 0.5685764 0.5492202 0.5492202
0.01038653 0.03745476 0.09389582 0.1843244 0.2875561 0.3499073 0.4432825 0.5024708 0.501871 0.5242801 0.5433585 0.5248609 0.5248609
0.008920351 0.03216758 0.0806413 0.1583049 0.2469641 0.3005137 0.3807079 0.4315411 0.4310259 0.4502717 0.466657 0.4507705 0.4507705
0.006344202 0.02287776 0.05735254 0.1125873 0.1756422 0.2137270 0.2707616 0.3069144 0.306548 0.3202357 0.331889 0.3205905 0.3205905
0.00523073 0.01886247 0.04728658 0.09282705 0.1448152 0.1762157 0.2232401 0.2530478 0.2527457 0.2640311 0.2736391 0.2643235 0.2643235
0.006113494 0.02204580 0.0552669 0.1084930 0.1692550 0.2059548 0.2609153 0.2957534 0.2954003 0.3085903 0.3198198 0.3089321 0.3089321
