West of Scotland Herring total catch - catch (units : Tonnes )
1	24	
1957	2008	
1	9	
1 
31528 44573.02 47273.72 36210.99 27098.83 44968.05 34176.22 37085.57 58958.39
101988.1 72970.66 67385.13 81161.49 121837 210532.2 168685.6 219471.6 200516.9
115229.3 93494.09 37841.72 22280.48 60.065 306.214 49869.01 95562.18 65283.33
53175.34 39368.59 74152.75 43141.67 36432.66 34704.36 44198.8 30507.12 29037.61
31497.12 24390.82 29578.35 27349.09 35512.11 33327.57 29780.96 18316.92 24677.20
32984.48 28288.19 25451.69 14158.77 27338.91 29629.09 16089.54 31528 44573.02
47273.72 36210.99 27098.83 44968.05 34176.22 37085.57 58958.39 101988.1 72970.66
67385.13 81161.49 121837 210532.2 168685.6 219471.6 200516.9 115229.3 93494.09
37841.72 22280.48 60.065 306.214 49869.01 95562.18 65283.33 53175.34 39368.59
74152.75 43141.67 36432.66 34704.36 44198.8 30507.12 29037.61 31497.12 24390.82
29578.35 27349.09 35512.11 33327.57 29780.96 18316.92 24677.20 32984.48 28288.19
25451.69 14158.77 27338.91 29629.09 16089.54 31528 44573.02 47273.72 36210.99
27098.83 44968.05 34176.22 37085.57 58958.39 101988.1 72970.66 67385.13 81161.49
121837 210532.2 168685.6 219471.6 200516.9 115229.3 93494.09 37841.72 22280.48
60.065 306.214 49869.01 95562.18 65283.33 53175.34 39368.59 74152.75 43141.67
36432.66 34704.36 44198.8 30507.12 29037.61 31497.12 24390.82 29578.35 27349.09
35512.11 33327.57 29780.96 18316.92 24677.20 32984.48 28288.19 25451.69 14158.77
27338.91 29629.09 16089.54 31528 44573.02 47273.72 36210.99 27098.83 44968.05
34176.22 37085.57 58958.39 101988.1 72970.66 67385.13 81161.49 121837 210532.2
168685.6 219471.6 200516.9 115229.3 93494.09 37841.72 22280.48 60.065 306.214
49869.01 95562.18 65283.33 53175.34 39368.59 74152.75 43141.67 36432.66 34704.36
44198.8 30507.12 29037.61 31497.12 24390.82 29578.35 27349.09 35512.11 33327.57
29780.96 18316.92 24677.20 32984.48 28288.19 25451.69 14158.77 27338.91 29629.09
16089.54 31528 44573.02 47273.72 36210.99 27098.83 44968.05 34176.22 37085.57
58958.39 101988.1 72970.66 67385.13 81161.49 121837 210532.2 168685.6 219471.6
200516.9 115229.3 93494.09 37841.72 22280.48 60.065 306.214 49869.01 95562.18
65283.33 53175.34 39368.59 74152.75 43141.67 36432.66 34704.36 44198.8 30507.12
29037.61 31497.12 24390.82 29578.35 27349.09 35512.11 33327.57 29780.96 18316.92
24677.20 32984.48 28288.19 25451.69 14158.77 27338.91 29629.09 16089.54 31528
44573.02 47273.72 36210.99 27098.83 44968.05 34176.22 37085.57 58958.39 101988.1
72970.66 67385.13 81161.49 121837 210532.2 168685.6 219471.6 200516.9 115229.3
93494.09 37841.72 22280.48 60.065 306.214 49869.01 95562.18 65283.33 53175.34
39368.59 74152.75 43141.67 36432.66 34704.36 44198.8 30507.12 29037.61 31497.12
24390.82 29578.35 27349.09 35512.11 33327.57 29780.96 18316.92 24677.20 32984.48
28288.19 25451.69 14158.77 27338.91 29629.09 16089.54 31528 44573.02 47273.72
36210.99 27098.83 44968.05 34176.22 37085.57 58958.39 101988.1 72970.66 67385.13
81161.49 121837 210532.2 168685.6 219471.6 200516.9 115229.3 93494.09 37841.72
22280.48 60.065 306.214 49869.01 95562.18 65283.33 53175.34 39368.59 74152.75
43141.67 36432.66 34704.36 44198.8 30507.12 29037.61 31497.12 24390.82 29578.35
27349.09 35512.11 33327.57 29780.96 18316.92 24677.20 32984.48 28288.19 25451.69
14158.77 27338.91 29629.09 16089.54 31528 44573.02 47273.72 36210.99 27098.83
44968.05 34176.22 37085.57 58958.39 101988.1 72970.66 67385.13 81161.49 121837
210532.2 168685.6 219471.6 200516.9 115229.3 93494.09 37841.72 22280.48 60.065
306.214 49869.01 95562.18 65283.33 53175.34 39368.59 74152.75 43141.67 36432.66
34704.36 44198.8 30507.12 29037.61 31497.12 24390.82 29578.35 27349.09 35512.11
33327.57 29780.96 18316.92 24677.20 32984.48 28288.19 25451.69 14158.77 27338.91
29629.09 16089.54 31528 44573.02 47273.72 36210.99 27098.83 44968.05 34176.22
37085.57 58958.39 101988.1 72970.66 67385.13 81161.49 121837 210532.2 168685.6
219471.6 200516.9 115229.3 93494.09 37841.72 22280.48 60.065 306.214 49869.01
95562.18 65283.33 53175.34 39368.59 74152.75 43141.67 36432.66 34704.36 44198.8
30507.12 29037.61 31497.12 24390.82 29578.35 27349.09 35512.11 33327.57 29780.96
18316.92 24677.20 32984.48 28288.19 25451.69 14158.77 27338.91 29629.09 16089.54
