West of Scotland Herring proportion of M before spawning - m.spwn (units : NA )
1	8	
1957	2008	
1	9	
1 
0.67 0.67 0.67 0.67 0.67 0.67 0.67 0.67 0.67
0.67 0.67 0.67 0.67 0.67 0.67 0.67 0.67 0.67
0.67 0.67 0.67 0.67 0.67 0.67 0.67 0.67 0.67
0.67 0.67 0.67 0.67 0.67 0.67 0.67 0.67 0.67
0.67 0.67 0.67 0.67 0.67 0.67 0.67 0.67 0.67
0.67 0.67 0.67 0.67 0.67 0.67 0.67 0.67 0.67
0.67 0.67 0.67 0.67 0.67 0.67 0.67 0.67 0.67
0.67 0.67 0.67 0.67 0.67 0.67 0.67 0.67 0.67
0.67 0.67 0.67 0.67 0.67 0.67 0.67 0.67 0.67
0.67 0.67 0.67 0.67 0.67 0.67 0.67 0.67 0.67
0.67 0.67 0.67 0.67 0.67 0.67 0.67 0.67 0.67
0.67 0.67 0.67 0.67 0.67 0.67 0.67 0.67 0.67
0.67 0.67 0.67 0.67 0.67 0.67 0.67 0.67 0.67
0.67 0.67 0.67 0.67 0.67 0.67 0.67 0.67 0.67
0.67 0.67 0.67 0.67 0.67 0.67 0.67 0.67 0.67
0.67 0.67 0.67 0.67 0.67 0.67 0.67 0.67 0.67
0.67 0.67 0.67 0.67 0.67 0.67 0.67 0.67 0.67
0.67 0.67 0.67 0.67 0.67 0.67 0.67 0.67 0.67
0.67 0.67 0.67 0.67 0.67 0.67 0.67 0.67 0.67
0.67 0.67 0.67 0.67 0.67 0.67 0.67 0.67 0.67
0.67 0.67 0.67 0.67 0.67 0.67 0.67 0.67 0.67
0.67 0.67 0.67 0.67 0.67 0.67 0.67 0.67 0.67
0.67 0.67 0.67 0.67 0.67 0.67 0.67 0.67 0.67
0.67 0.67 0.67 0.67 0.67 0.67 0.67 0.67 0.67
0.67 0.67 0.67 0.67 0.67 0.67 0.67 0.67 0.67
0.67 0.67 0.67 0.67 0.67 0.67 0.67 0.67 0.67
0.67 0.67 0.67 0.67 0.67 0.67 0.67 0.67 0.67
0.67 0.67 0.67 0.67 0.67 0.67 0.67 0.67 0.67
0.67 0.67 0.67 0.67 0.67 0.67 0.67 0.67 0.67
0.67 0.67 0.67 0.67 0.67 0.67 0.67 0.67 0.67
0.67 0.67 0.67 0.67 0.67 0.67 0.67 0.67 0.67
0.67 0.67 0.67 0.67 0.67 0.67 0.67 0.67 0.67
0.67 0.67 0.67 0.67 0.67 0.67 0.67 0.67 0.67
0.67 0.67 0.67 0.67 0.67 0.67 0.67 0.67 0.67
0.67 0.67 0.67 0.67 0.67 0.67 0.67 0.67 0.67
0.67 0.67 0.67 0.67 0.67 0.67 0.67 0.67 0.67
0.67 0.67 0.67 0.67 0.67 0.67 0.67 0.67 0.67
0.67 0.67 0.67 0.67 0.67 0.67 0.67 0.67 0.67
0.67 0.67 0.67 0.67 0.67 0.67 0.67 0.67 0.67
0.67 0.67 0.67 0.67 0.67 0.67 0.67 0.67 0.67
0.67 0.67 0.67 0.67 0.67 0.67 0.67 0.67 0.67
0.67 0.67 0.67 0.67 0.67 0.67 0.67 0.67 0.67
0.67 0.67 0.67 0.67 0.67 0.67 0.67 0.67 0.67
0.67 0.67 0.67 0.67 0.67 0.67 0.67 0.67 0.67
0.67 0.67 0.67 0.67 0.67 0.67 0.67 0.67 0.67
0.67 0.67 0.67 0.67 0.67 0.67 0.67 0.67 0.67
0.67 0.67 0.67 0.67 0.67 0.67 0.67 0.67 0.67
0.67 0.67 0.67 0.67 0.67 0.67 0.67 0.67 0.67
0.67 0.67 0.67 0.67 0.67 0.67 0.67 0.67 0.67
0.67 0.67 0.67 0.67 0.67 0.67 0.67 0.67 0.67
0.67 0.67 0.67 0.67 0.67 0.67 0.67 0.67 0.67
0.67 0.67 0.67 0.67 0.67 0.67 0.67 0.67 0.67
