West of Scotland Herring fishing mortality - harvest (units : f )
1	12	
1957	2010	
1	9	
1 
0.01001241 0.1029688 0.3324431 0.2279538 0.3173014 0.3194041 0.2071058 0.2635973 0.2635973
0.01235991 0.1001373 0.3163208 0.3700959 0.3193338 0.4084572 0.4518133 0.3310705 0.3310705
0.04164859 0.1136937 0.1674840 0.4262956 0.3798189 0.3414509 0.4200629 0.3115247 0.3115247
0.009344276 0.177376 0.1478875 0.1476133 0.2837142 0.2721801 0.3127722 0.2429702 0.2429702
0.01668192 0.2686358 0.1636164 0.1076159 0.1906410 0.0967357 0.173172 0.2094582 0.2094582
0.03952066 0.2693201 0.218233 0.2568337 0.1839717 0.2278608 0.2459479 0.2745766 0.2745766
0.009040758 0.1210270 0.2608545 0.1641204 0.2162373 0.1412710 0.1328933 0.1917507 0.1917507
0.0444172 0.1348659 0.1605276 0.1905800 0.1290722 0.1738526 0.1271951 0.1731773 0.1731773
0.0627643 0.06977034 0.1519732 0.1885247 0.2151702 0.1132306 0.2208965 0.1650779 0.1650779
0.3668898 0.2424087 0.1710204 0.2040271 0.1719690 0.2619156 0.1553832 0.2389339 0.2389339
0.1402225 0.1247249 0.1679628 0.2751417 0.1770857 0.1637436 0.2249008 0.2042094 0.2042094
0.08833049 0.1473718 0.1404240 0.1684435 0.1418274 0.137763 0.1092678 0.1638007 0.1638007
0.02007436 0.08076601 0.1692451 0.2166976 0.3131323 0.2912094 0.3502425 0.2378195 0.2378195
0.1149504 0.1118049 0.3503443 0.405926 0.3823721 0.3200966 0.4838912 0.3473847 0.3473847
0.03485802 0.416229 0.9841399 0.868863 0.6991384 0.6409576 0.5998524 0.763807 0.763807
0.3669080 0.2363045 0.4281704 0.3003230 0.4139373 0.3326091 0.5144238 0.3982823 0.3982823
0.0779135 0.5026638 0.5876248 0.6304226 0.5966747 0.6224164 0.3699916 0.6296737 0.6296737
0.3353922 0.4962415 0.7732648 0.9134984 0.9349166 1.227240 0.924496 0.9332119 0.9332119
0.1387218 0.7402282 0.8868223 0.8574821 0.9116825 1.005319 1.080213 1.011465 1.011465
0.1977559 0.7827046 1.230060 1.095371 0.8991035 1.096207 1.147252 1.151718 1.151718
0.09312234 0.3607186 0.6203703 0.9698613 0.9815653 1.500656 0.933419 0.9192376 0.9192376
0.03995029 0.2983349 0.2771627 0.5568635 0.8290389 1.20337 1.091739 0.7152853 0.7152853
0.0003219039 0.0005128441 0.0007499168 0.000344532 0.0002643560 0.001672154 0.002718781 0.001051582 0.001051582
0.004864164 0.0007235612 0.0004416799 0.0005781906 0.0002606036 0.0002023110 0.001851272 0.0007524969 0.0007524969
0.03568175 0.3266893 0.4307946 0.4015672 0.3125551 0.327029 0.3382457 0.4064039 0.4064039
0.02790417 0.6637312 0.6149654 0.810029 0.7319116 0.5874994 0.4934746 0.752253 0.752253
0.04530522 0.3955487 0.6024586 0.515895 0.9842237 0.8141222 0.7989886 0.724851 0.724851
0.003148802 0.2381829 0.5113879 0.4543595 0.48008 0.6853025 0.6418161 0.523925 0.523925
0.055699 0.2164933 0.3177382 0.3145309 0.3237178 0.3601067 1.076011 0.4399959 0.4399959
0.06262778 0.5599344 0.490663 0.4293697 0.5905294 0.6899917 0.2063983 0.5853543 0.5853543
0.01510164 0.288416 0.3364249 0.3224769 0.2879604 0.5080955 0.5908989 0.4217986 0.4217986
0.003087283 0.2044523 0.3184368 0.3447932 0.3005059 0.2359913 0.3323026 0.3165702 0.3165702
0.01225101 0.1414885 0.311598 0.2212227 0.3423718 0.1612870 0.168101 0.2451799 0.2451799
0.05420575 0.1751135 0.2443792 0.3413309 0.4823576 0.4025052 0.2896887 0.3407127 0.3407127
0.1164830 0.1963556 0.1651896 0.2526067 0.2577922 0.4303883 0.3741651 0.2998541 0.2998541
0.01058104 0.2593751 0.3595290 0.2190742 0.2817643 0.3469785 0.3273903 0.3364089 0.3364089
0.04979776 0.4773669 0.3446841 0.2517503 0.1641748 0.2797502 0.3008047 0.3818394 0.3818394
0.003250879 0.2346172 0.406101 0.1676742 0.2410984 0.1283123 0.2922482 0.2821218 0.2821218
0.0006980127 0.3642537 0.3327171 0.3704111 0.1990737 0.1869803 0.1795881 0.334459 0.334459
0.003382908 0.2188635 0.2403954 0.1506641 0.1925405 0.1202773 0.2926984 0.2341428 0.2341428
0.001289920 0.2128572 0.3434987 0.3917415 0.5960022 0.7859035 0.867295 0.5378164 0.5378164
0.02992335 0.1730766 0.2099874 0.5717794 0.4822861 0.8183593 1.050986 0.5417793 0.5417793
0.04041913 0.265617 0.3671657 0.2200296 0.4423643 0.2560479 0.3824532 0.3577988 0.3577988
0.003444809 0.2165884 0.2135581 0.254131 0.1428371 0.3971399 0.1417816 0.2615954 0.2615954
0.0002068232 0.1686904 0.2959003 0.162068 0.2138631 0.1374414 0.6933632 0.2896092 0.2896092
0.001374439 0.1169847 0.3200706 0.2774312 0.4740202 0.3584041 0.1726427 0.2999700 0.2999700
0.0008772789 0.1080985 0.1990298 0.2236395 0.2426489 0.2336548 0.2742326 0.2236395 0.2236395
0.0007892546 0.0972521 0.1790596 0.2012 0.218302 0.2102104 0.2467167 0.2012 0.2012
0.0004757894 0.05862686 0.1079432 0.1212902 0.1315998 0.1267219 0.1487292 0.1212902 0.1212902
0.0008757594 0.1079113 0.1986851 0.2232522 0.2422286 0.2332501 0.2737576 0.2232522 0.2232522
0.001095821 0.1350272 0.2486107 0.2793511 0.3030959 0.2918613 0.3425475 0.2793511 0.2793511
0.0005942816 0.0732275 0.1348257 0.1514967 0.1643739 0.1582812 0.1857692 0.1514967 0.1514967
0.0009273655 0.1142702 0.2103930 0.2364078 0.2565025 0.2469949 0.2898894 0.2364078 0.2364078
0.001036623 0.1277329 0.2351805 0.2642602 0.2867223 0.2760946 0.3240427 0.2642602 0.2642602
