West of Scotland Herring stock numbers at age - stock.n (units : NA )
1	13	
1957	2009	
1	9	
1 
1085415 913169 232468.5 139259.6 137641.5 81041.77 55022.26 7337.791 22743.55
2129925 395524.3 612662.6 138136.7 101555.9 92315.13 54464.26 41351.09 30032.71
2124103 774476.2 266509.4 370923.4 87950.51 68266.66 57340.61 32787.93 38227.38
628968.9 750617.3 515615.9 186428.5 225323.4 55930.82 45332.71 35770.56 26024.69
1282671 229313.8 468872.2 367813.5 147051.3 157503 39571.76 31202.82 16735.70
2323456 464265.8 131372.8 328362.2 301341.1 111694.0 130721.4 30730.27 35404.55
2128325 822814.8 264872.9 87503.46 233106.2 230547.5 82309.44 95370.5 42498.58
979317.8 776106.8 542654.5 168772.8 67914.87 172462.8 183750.9 66224.85 113697.2
7855652 344876.9 504347.1 381147.3 127382.0 54533.88 133045.5 148560.7 153317.7
1065520 2716521 238570.0 356476.2 288504.4 94125.31 44480.23 98655.07 150012.6
2499919 272376.0 1585514 165186.9 265119.5 222205.1 66812.29 34964.09 163028.8
4100323 800018.2 178344.4 1101101 114299.4 202626.1 172767.0 49281.97 83571.46
2998830 1381162 511983.4 127091.7 845225.8 90137.34 160945.4 141432.3 142388.5
3440170 1081300 943979.2 354401.9 92868.97 564441.6 61628.18 105080.0 93470.88
9572399 1128222 716379.5 544997.2 214634.7 57736.34 375675.4 35294.72 67153.99
2675839 3400950 551427.2 219543.4 207816.5 97812.64 28066.04 193775.2 57792.35
1074339 682170.6 1989683 294380.7 147239.4 124821.6 64118.32 15601.32 77270.41
1672283 365636.6 305814.8 905922.4 141995.7 73551.64 61250.03 40722.49 38134.51
2101533 440178.9 165039 115674.3 329733.7 50667.27 19774.73 22734.79 23734.56
608220.6 673624.7 155922.8 55822.46 44521.26 120729.7 16984.53 6299.74 19337.01
621969.4 184197.0 230140.5 37717.23 17051.26 16503.05 37334.99 5080.216 2737.201
913517.4 208688.1 95878.25 102715.8 13260.60 5916.314 3457.407 13966.38 3434.867
1216369 322997.7 115201.2 59984.52 54420.95 5499.774 1741.913 1147.941 8346.79
885405 447333.4 239160.9 94249.23 54258.17 49229.75 4968.795 1572.345 8583.323
1660598 324156.2 331153.5 195722.5 85231.73 49082.46 44536.36 4488.345 4546.635
770261.1 589580.2 173825.1 176410.6 118964.3 56755.6 32440.57 29313.76 8545.426
2977418 275638.1 225850.0 77761.61 71266.3 52394.3 29039.47 18445.75 18548.51
1132203 1047826 138121.0 101952.1 42653.51 24361.63 21600.99 12376.67 5476.824
1199475 415230 615307.5 68445.11 59092.7 24435.21 11295.64 10746.27 7079.023
887707 417627.7 248886.7 370400.5 45605.64 39043.91 15822.42 3707.516 5120.893
2097344 307016 178306.3 126629.6 222519.8 23439.43 18306.08 11869.30 20243.44
899293.7 760256.3 171285.8 105139.8 84206.65 153796.1 13225.63 9647.316 10246.47
844942.2 329837.9 461355.5 102730.7 68185.48 57447.98 112058.3 8882.584 19194.49
433442.6 307222.8 212934 279304.9 74994.1 44524.75 44774.17 87138.62 22426.33
380589.8 151172.1 192698.3 137643.1 182290.1 42737.86 27676.21 31141.54 20134.46
792556.6 124793.1 92352.2 135036.8 97773.67 129342.5 25846.15 17854.44 22792.64
580372.4 288510.8 71600.13 53229.5 99658.44 67770.87 84915.94 17362.76 13784.06
869256.5 203236.6 132980.9 41814.41 37746.93 77573.88 47278.75 58633.4 49219.65
631357.9 318776.2 119397.2 72809.34 32131.35 27100.89 62496.49 32803.62 40277.14
835046.5 232108.8 166301.5 70443.61 45715.79 23970.17 20529.55 48188.22 177233.3
1491824 306060.8 139658.8 108349.9 54985.06 34237.73 19313.37 14117.18 26763.87
481351.7 548117.2 179158.7 82925.04 68029.77 27876.28 14444.24 7718.203 9089.72
305133.1 171801.2 342726 115577.1 44826.54 39886.58 11644.82 4918.979 4261.549
1636643 107823.4 97246.96 196270.1 80784.67 27893.25 28945.17 7454.388 2340.801
1090588 600011.1 64387.31 64080.37 138997.5 61452.52 18485.68 23262.08 5277.321
1143083 400991.4 393648.1 41623.84 46451.91 95941.21 43964.21 12600.74 6855.337
434105.2 420268.9 259681.7 248129.1 29466.12 31147.87 66935.34 29074 7691.634
251976.9 159616.7 277013.6 169402.8 181406 20551.01 22485.51 46125.03 25632.49
299915.5 92657.26 107187.4 187376.5 128133.3 131884.3 15379.86 16182.63 14339.66
554435.2 110303.4 64603.9 77997.49 151785.1 101287.5 106133.6 12081.81 28281.13
323159.4 203862.9 72865.03 42325.07 57253.22 106382.6 73430.94 73512.93 19136.05
145843.0 118808.2 130644.1 45002.03 29394.52 37503.81 72730.21 47387.74 70635.49
629204.6 53634.21 81381.01 91843.5 35293.00 22335.50 29163.72 54819.7 92560.14
