North Sea Herring proportion of M before spawning - m.spwn (units : NA )
1	8	
1960	2010	
0	9	
1 
0.67 0.67 0.67 0.67 0.67 0.67 0.67 0.67 0.67 0.67
0.67 0.67 0.67 0.67 0.67 0.67 0.67 0.67 0.67 0.67
0.67 0.67 0.67 0.67 0.67 0.67 0.67 0.67 0.67 0.67
0.67 0.67 0.67 0.67 0.67 0.67 0.67 0.67 0.67 0.67
0.67 0.67 0.67 0.67 0.67 0.67 0.67 0.67 0.67 0.67
0.67 0.67 0.67 0.67 0.67 0.67 0.67 0.67 0.67 0.67
0.67 0.67 0.67 0.67 0.67 0.67 0.67 0.67 0.67 0.67
0.67 0.67 0.67 0.67 0.67 0.67 0.67 0.67 0.67 0.67
0.67 0.67 0.67 0.67 0.67 0.67 0.67 0.67 0.67 0.67
0.67 0.67 0.67 0.67 0.67 0.67 0.67 0.67 0.67 0.67
0.67 0.67 0.67 0.67 0.67 0.67 0.67 0.67 0.67 0.67
0.67 0.67 0.67 0.67 0.67 0.67 0.67 0.67 0.67 0.67
0.67 0.67 0.67 0.67 0.67 0.67 0.67 0.67 0.67 0.67
0.67 0.67 0.67 0.67 0.67 0.67 0.67 0.67 0.67 0.67
0.67 0.67 0.67 0.67 0.67 0.67 0.67 0.67 0.67 0.67
0.67 0.67 0.67 0.67 0.67 0.67 0.67 0.67 0.67 0.67
0.67 0.67 0.67 0.67 0.67 0.67 0.67 0.67 0.67 0.67
0.67 0.67 0.67 0.67 0.67 0.67 0.67 0.67 0.67 0.67
0.67 0.67 0.67 0.67 0.67 0.67 0.67 0.67 0.67 0.67
0.67 0.67 0.67 0.67 0.67 0.67 0.67 0.67 0.67 0.67
0.67 0.67 0.67 0.67 0.67 0.67 0.67 0.67 0.67 0.67
0.67 0.67 0.67 0.67 0.67 0.67 0.67 0.67 0.67 0.67
0.67 0.67 0.67 0.67 0.67 0.67 0.67 0.67 0.67 0.67
0.67 0.67 0.67 0.67 0.67 0.67 0.67 0.67 0.67 0.67
0.67 0.67 0.67 0.67 0.67 0.67 0.67 0.67 0.67 0.67
0.67 0.67 0.67 0.67 0.67 0.67 0.67 0.67 0.67 0.67
0.67 0.67 0.67 0.67 0.67 0.67 0.67 0.67 0.67 0.67
0.67 0.67 0.67 0.67 0.67 0.67 0.67 0.67 0.67 0.67
0.67 0.67 0.67 0.67 0.67 0.67 0.67 0.67 0.67 0.67
0.67 0.67 0.67 0.67 0.67 0.67 0.67 0.67 0.67 0.67
0.67 0.67 0.67 0.67 0.67 0.67 0.67 0.67 0.67 0.67
0.67 0.67 0.67 0.67 0.67 0.67 0.67 0.67 0.67 0.67
0.67 0.67 0.67 0.67 0.67 0.67 0.67 0.67 0.67 0.67
0.67 0.67 0.67 0.67 0.67 0.67 0.67 0.67 0.67 0.67
0.67 0.67 0.67 0.67 0.67 0.67 0.67 0.67 0.67 0.67
0.67 0.67 0.67 0.67 0.67 0.67 0.67 0.67 0.67 0.67
0.67 0.67 0.67 0.67 0.67 0.67 0.67 0.67 0.67 0.67
0.67 0.67 0.67 0.67 0.67 0.67 0.67 0.67 0.67 0.67
0.67 0.67 0.67 0.67 0.67 0.67 0.67 0.67 0.67 0.67
0.67 0.67 0.67 0.67 0.67 0.67 0.67 0.67 0.67 0.67
0.67 0.67 0.67 0.67 0.67 0.67 0.67 0.67 0.67 0.67
0.67 0.67 0.67 0.67 0.67 0.67 0.67 0.67 0.67 0.67
0.67 0.67 0.67 0.67 0.67 0.67 0.67 0.67 0.67 0.67
0.67 0.67 0.67 0.67 0.67 0.67 0.67 0.67 0.67 0.67
0.67 0.67 0.67 0.67 0.67 0.67 0.67 0.67 0.67 0.67
0.67 0.67 0.67 0.67 0.67 0.67 0.67 0.67 0.67 0.67
0.67 0.67 0.67 0.67 0.67 0.67 0.67 0.67 0.67 0.67
0.67 0.67 0.67 0.67 0.67 0.67 0.67 0.67 0.67 0.67
0.67 0.67 0.67 0.67 0.67 0.67 0.67 0.67 0.67 0.67
0.67 0.67 0.67 0.67 0.67 0.67 0.67 0.67 0.67 0.67
0.67 0.67 0.67 0.67 0.67 0.67 0.67 0.67 0.67 0.67
