North Sea Herring fishing mortality - harvest (units : f )
1	12	
1960	2010	
0	9	
1 
0.02573320 0.2561724 0.4350763 0.3271385 0.3372544 0.2653716 0.318581 0.5930239 0.5681927 0.5681927
0.01858961 0.1293279 0.6182685 0.3511451 0.4063857 0.4021895 0.3797263 0.2556835 0.5083296 0.5083296
0.004857751 0.08967964 0.250112 0.62916 0.4193521 0.5298605 0.8166102 0.631326 0.6001666 0.6001666
0.01478962 0.1240710 0.2975523 0.2753869 0.2281944 0.1494245 0.1796442 0.2842567 0.3316153 0.3316153
0.01258591 0.3084355 0.3889982 0.412447 0.3700941 0.3098793 0.2354540 0.2777008 0.5545415 0.5545415
0.007143397 0.2461228 0.7753484 0.738974 0.7769112 0.6593654 0.5251836 0.4502936 0.838023 0.838023
0.02145713 0.1852355 0.5920551 0.7082421 0.5719534 0.8351409 0.3898222 0.3945572 0.7120705 0.7120705
0.02563521 0.2980381 0.422225 0.8045568 0.9244446 0.8281122 1.011530 1.526249 1.106693 1.106693
0.03481117 0.3002451 1.327179 1.872073 1.071397 1.234016 1.176741 1.610355 1.621469 1.621469
0.00823815 0.329102 0.7843867 0.9123542 0.8741711 1.053944 1.901135 1.307539 1.360699 1.360699
0.03510075 0.2680599 0.9728235 1.266952 1.330130 0.8756588 1.079465 4.132995 1.799659 1.799659
0.03396986 0.6021638 0.8826126 1.214708 1.226475 1.083936 2.616782 2.701772 2.027623 2.027623
0.05830196 0.5782257 0.812182 0.801438 0.7995603 0.5495898 0.5170107 0.09840184 1.016825 1.016825
0.04619976 0.6738567 1.022224 1.333956 0.9879158 0.9512856 1.378604 0.8038233 1.563957 1.563957
0.07491123 0.4520352 1.028405 0.9732872 0.9943514 1.186529 1.078075 0.7738341 1.325066 1.325066
0.1576024 0.6879136 1.314255 1.503183 1.374507 1.888595 1.277537 2.027940 2.036811 2.036811
0.1471 0.2497792 1.338653 1.447507 1.731766 1.609498 1.093947 1.515062 1.627720 1.627720
0.09771067 0.2981184 0.2259057 1.409862 0.4388519 1.186481 0.7526494 0.7788873 0.9852626 0.9852626
0.04560347 0.2004784 0.02431079 0.04268949 0.1039279 0.01711792 0.07526583 0.06279681 0.191861 0.191861
0.08372731 0.1669909 0.09491923 0.06676805 0.09419295 0.05219707 0.01280278 0.4224708 0.2415123 0.2415123
0.1258495 0.1132746 0.3647698 0.4205544 0.2987865 0.2668276 0.06704901 0.1049219 0.3434745 0.3434745
0.4821645 0.2857054 0.3243862 0.2765156 0.3049633 0.4159604 0.4355027 0.9638405 0.6503644 0.6503644
0.3344693 0.2251645 0.2608986 0.5089983 0.2484782 0.1553002 0.1465552 0.2326800 0.42549 0.42549
0.3995588 0.2517829 0.3023941 0.3250840 0.437426 0.2774710 0.3474636 0.3970131 0.5231238 0.5231238
0.2263717 0.2051328 0.3146588 0.4302158 0.5386997 0.629626 0.3633286 0.7052534 0.6277581 0.6277581
0.0852665 0.3828898 0.4042348 0.6718703 0.7394562 0.6672648 0.7351532 0.5657169 0.8858924 0.8858924
0.06191268 0.3157603 0.4595978 0.5224098 0.5830753 0.5565575 0.7397722 0.82963 0.8319625 0.8319625
0.1613364 0.3721575 0.4062663 0.5058867 0.5888959 0.6187567 0.6411137 0.6244173 0.8152895 0.8152895
0.1246373 0.5798242 0.3554627 0.4008518 0.5826898 0.6637763 0.6795187 0.703071 0.9531102 0.9531102
0.1302757 0.4306755 0.3981259 0.4097632 0.5559813 0.6580872 0.6998792 0.7171702 0.8620383 0.8620383
0.05888683 0.4525428 0.3768007 0.3692802 0.4668701 0.5003706 0.4945724 0.6786053 0.7914897 0.7914897
0.1178491 0.3082560 0.573808 0.4543899 0.4572091 0.4824516 0.4784711 0.4256969 0.703124 0.703124
0.2966564 0.3871894 0.5728707 0.497642 0.5722155 0.5454786 0.7185477 0.6981589 0.8742984 0.8742984
0.3759339 0.4219845 0.66849 0.6411742 0.7314638 0.7100916 0.6971324 0.8697147 1.015615 1.015615
0.2258746 0.2458919 0.6832678 0.7160884 0.9127046 0.5546597 0.6671316 0.4736552 0.8452386 0.8452386
0.3211345 0.2924358 0.5993335 0.8657347 0.8665282 0.826293 0.5351948 0.6405867 0.921641 0.921641
0.07542518 0.2529937 0.3075991 0.4894521 0.4172197 0.477587 0.3161707 0.1414215 0.5315229 0.5315229
0.02364231 0.0453204 0.2857077 0.3899807 0.5103572 0.4508121 0.4601864 0.2432465 0.4145914 0.4145914
0.01469927 0.1576552 0.2663805 0.4047742 0.4217217 0.6047082 0.7166547 0.3763162 0.5623392 0.5623392
0.03622188 0.04808452 0.2428061 0.4165735 0.3833468 0.335189 0.4499288 0.4545848 0.4112586 0.4112586
0.04196875 0.0776896 0.2240407 0.3092062 0.4594931 0.4692655 0.3114918 0.3911329 0.4040068 0.4040068
0.03011566 0.06683746 0.1232236 0.290513 0.2936778 0.3868997 0.3315487 0.2076092 0.3085971 0.3085971
0.03370007 0.03869352 0.1391841 0.2159863 0.2699391 0.2112880 0.333238 0.2663676 0.2622506 0.2622506
0.02946521 0.08165508 0.1215988 0.1930401 0.2767382 0.3378956 0.222023 0.3690272 0.3007535 0.3007535
0.04418701 0.04651483 0.1315446 0.2057051 0.2936222 0.3817894 0.3670810 0.3111461 0.3032171 0.3032171
0.1010568 0.1300405 0.177679 0.2182857 0.2966418 0.4047342 0.4986192 0.4055804 0.4142285 0.4142285
0.05553518 0.06633768 0.2040218 0.2539594 0.3217848 0.3429425 0.2831873 0.278269 0.3217848 0.3217848
0.05281154 0.06308425 0.1940159 0.2415044 0.3060033 0.3261235 0.2692989 0.2646217 0.3060033 0.3060033
0.03842186 0.04589554 0.1411519 0.1757011 0.2226259 0.2372638 0.1959224 0.1925196 0.2226259 0.2226259
0.01947015 0.02325741 0.07152826 0.08903596 0.1128149 0.1202327 0.099283 0.09755869 0.1128149 0.1128149
0.02320384 0.02771737 0.08524487 0.1061099 0.1344489 0.1432891 0.118322 0.1162670 0.1344489 0.1344489
