West of Scotland Herring stock weight-at-age - stock.wt (units : Kg )
1	4	
1957	2008	
1	9	
1 
0.09 0.164 0.208 0.233 0.246 0.252 0.258 0.269 0.292
0.09 0.164 0.208 0.233 0.246 0.252 0.258 0.269 0.292
0.09 0.164 0.208 0.233 0.246 0.252 0.258 0.269 0.292
0.09 0.164 0.208 0.233 0.246 0.252 0.258 0.269 0.292
0.09 0.164 0.208 0.233 0.246 0.252 0.258 0.269 0.292
0.09 0.164 0.208 0.233 0.246 0.252 0.258 0.269 0.292
0.09 0.164 0.208 0.233 0.246 0.252 0.258 0.269 0.292
0.09 0.164 0.208 0.233 0.246 0.252 0.258 0.269 0.292
0.09 0.164 0.208 0.233 0.246 0.252 0.258 0.269 0.292
0.09 0.164 0.208 0.233 0.246 0.252 0.258 0.269 0.292
0.09 0.164 0.208 0.233 0.246 0.252 0.258 0.269 0.292
0.09 0.164 0.208 0.233 0.246 0.252 0.258 0.269 0.292
0.09 0.164 0.208 0.233 0.246 0.252 0.258 0.269 0.292
0.09 0.164 0.208 0.233 0.246 0.252 0.258 0.269 0.292
0.09 0.164 0.208 0.233 0.246 0.252 0.258 0.269 0.292
0.09 0.164 0.208 0.233 0.246 0.252 0.258 0.269 0.292
0.09 0.164 0.208 0.233 0.246 0.252 0.258 0.269 0.292
0.09 0.164 0.208 0.233 0.246 0.252 0.258 0.269 0.292
0.09 0.164 0.208 0.233 0.246 0.252 0.258 0.269 0.292
0.09 0.164 0.208 0.233 0.246 0.252 0.258 0.269 0.292
0.09 0.164 0.208 0.233 0.246 0.252 0.258 0.269 0.292
0.09 0.164 0.208 0.233 0.246 0.252 0.258 0.269 0.292
0.09 0.164 0.208 0.233 0.246 0.252 0.258 0.269 0
0.09 0.164 0.208 0.233 0.246 0.252 0.258 0.269 0
0.09 0.164 0.208 0.233 0.246 0.252 0.258 0.269 0.292
0.09 0.164 0.208 0.233 0.246 0.252 0.258 0.269 0.292
0.09 0.164 0.208 0.233 0.246 0.252 0.258 0.269 0.292
0.09 0.164 0.208 0.233 0.246 0.252 0.258 0.269 0.292
0.09 0.164 0.208 0.233 0.246 0.252 0.258 0.269 0.292
0.09 0.164 0.208 0.233 0.246 0.252 0.258 0.269 0.292
0.09 0.164 0.208 0.233 0.246 0.252 0.258 0.269 0.292
0.09 0.164 0.208 0.233 0.246 0.252 0.258 0.269 0.292
0.09 0.164 0.208 0.233 0.246 0.252 0.258 0.269 0.292
0.09 0.164 0.208 0.233 0.246 0.252 0.258 0.269 0.292
0.09 0.164 0.208 0.233 0.246 0.252 0.258 0.269 0.292
0.09 0.164 0.208 0.233 0.246 0.252 0.258 0.269 0.292
0.075 0.162 0.196 0.206 0.226 0.234 0.254 0.26 0.276
0.052 0.15 0.192 0.22 0.221 0.233 0.241 0.27 0.296
0.042 0.144 0.191 0.202 0.225 0.227 0.247 0.26 0.293
0.045 0.14 0.18 0.209 0.219 0.222 0.229 0.242 0.263
0.057 0.15 0.189 0.209 0.225 0.233 0.248 0.266 0.287
0.066 0.138 0.176 0.194 0.214 0.226 0.234 0.225 0.249
0.054 0.137 0.166 0.188 0.203 0.219 0.225 0.235 0.245
0.062 0.141 0.173 0.183 0.194 0.204 0.211 0.222 0.23
0.062 0.132 0.17 0.19 0.198 0.212 0.22 0.236 0.254
0.062 0.153 0.177 0.198 0.212 0.215 0.225 0.243 0.259
0.064 0.138 0.176 0.19 0.204 0.213 0.217 0.223 0.228
0.059 0.138 0.159 0.18 0.189 0.202 0.213 0.214 0.206
0.0751 0.1296 0.1538 0.1665 0.1802 0.1911 0.2125 0.203 0.2284
0.075 0.135 0.166 0.185 0.192 0.204 0.211 0.224 0.231
0.075 0.1675 0.183 0.1914 0.1951 0.1951 0.2021 0.2034 0.2138
0.0546 0.1721 0.1913 0.2083 0.2143 0.2139 0.2206 0.2242 0.2385
