West of Scotland Herring fishing mortality - harvest (units : f )
1	12	
1957	2008	
1	9	
1 
0.009505487 0.09910648 0.3205112 0.2157307 0.2994443 0.2974200 0.1856390 0.2281195 0.2281195
0.01165518 0.09480292 0.3018188 0.3514695 0.2971878 0.3761989 0.4074843 0.2875388 0.2875388
0.04020920 0.1068248 0.1573615 0.398459 0.3526588 0.3093926 0.3718839 0.2688479 0.2688479
0.00899029 0.1705657 0.1377861 0.1372663 0.2580920 0.2459997 0.2735206 0.2059270 0.2059270
0.01624314 0.2570525 0.156213 0.09933313 0.1750188 0.08637651 0.1528676 0.1766004 0.1766004
0.03807987 0.2612071 0.2063606 0.2426231 0.1677861 0.2052769 0.2152988 0.2354536 0.2354536
0.008800215 0.1162583 0.2506968 0.1534234 0.2013126 0.1268755 0.1174301 0.162907 0.162907
0.04366873 0.1310255 0.1532869 0.1813632 0.1194328 0.1594902 0.1125879 0.1501410 0.1501410
0.06188116 0.06852452 0.1469972 0.1784755 0.2025631 0.1037772 0.1990617 0.1435295 0.1435295
0.3640349 0.2384432 0.1675853 0.1960868 0.1611098 0.2427399 0.1407234 0.2099612 0.2099612
0.139379 0.1234667 0.1645983 0.2682562 0.1688185 0.1516566 0.2043288 0.1815713 0.1815713
0.08814058 0.1463423 0.1388080 0.1644619 0.1374868 0.130297 0.1001230 0.1459636 0.1459636
0.02005826 0.0805762 0.1678608 0.2137191 0.3037668 0.2802153 0.3263431 0.2145107 0.2145107
0.1148784 0.1117092 0.3493235 0.4014940 0.3753028 0.3071114 0.4573858 0.3147534 0.3147534
0.03482899 0.4158881 0.98266 0.8641253 0.6858837 0.6213264 0.562027 0.6889264 0.6889264
0.3667383 0.2360795 0.4276358 0.2994905 0.4097697 0.3223236 0.4872048 0.3588201 0.3588201
0.07782122 0.5023001 0.586777 0.6290775 0.5940719 0.6119213 0.3539498 0.572952 0.572952
0.3347635 0.4954581 0.772201 0.9106682 0.9305163 1.213583 0.8910679 0.8574627 0.8574627
0.1377490 0.7378205 0.8840056 0.8548117 0.904731 0.9929773 1.043897 0.9210732 0.9210732
0.1945316 0.7739832 1.219244 1.085952 0.8924219 1.073624 1.106949 1.042268 1.042268
0.09205028 0.3529269 0.6067236 0.94532 0.9585104 1.463026 0.8832776 0.8360486 0.8360486
0.03965706 0.2941603 0.2689927 0.5352172 0.7800899 1.122729 1.002549 0.6346651 0.6346651
0.0003212847 0.0005089916 0.0007377248 0.0003329042 0.0002510525 0.001529697 0.002415922 0.0009158194 0.0009158194
0.004819564 0.0007221687 0.0004383605 0.0005687843 0.0002518058 0.0001921276 0.001693301 0.0006685419 0.0006685419
0.03552237 0.3231761 0.4297675 0.3978742 0.3066196 0.3140919 0.318249 0.3646246 0.3646246
0.02764071 0.6595398 0.6044015 0.8063908 0.720026 0.5700984 0.4645758 0.6781341 0.6781341
0.04433858 0.3909586 0.5953678 0.5005384 0.9734142 0.7860587 0.7528425 0.6502245 0.6502245
0.003087725 0.2323509 0.5020982 0.4453957 0.4570843 0.6685924 0.59818 0.469064 0.469064
0.05504869 0.2118346 0.3075372 0.3060008 0.3144205 0.334597 1.014055 0.3913966 0.3913966
0.06174179 0.5510877 0.4757315 0.4095689 0.5656115 0.6574538 0.1874733 0.5153959 0.5153959
0.01477128 0.2835665 0.3282117 0.3079926 0.2693886 0.4722635 0.5405534 0.3705162 0.3705162
0.003008378 0.1994867 0.3112222 0.3330592 0.2823940 0.2166083 0.2980638 0.2763803 0.2763803
0.01169513 0.1376189 0.301865 0.2147018 0.3261865 0.1492484 0.151519 0.2126336 0.2126336
0.0533405 0.1664475 0.2363183 0.3267048 0.4623242 0.375472 0.2630887 0.2985456 0.2985456
0.1150650 0.1928093 0.1555785 0.2420088 0.2431350 0.4029233 0.3383210 0.2640332 0.2640332
0.01053143 0.2555602 0.3509968 0.2037984 0.2665228 0.3208024 0.2978342 0.2923098 0.2923098
0.04929931 0.474527 0.337856 0.2437084 0.1505180 0.2600716 0.2703573 0.3345344 0.3345344
0.003148962 0.2319152 0.4023613 0.1634088 0.2313379 0.1161203 0.2655219 0.2452010 0.2452010
0.000666695 0.3506866 0.327643 0.3654006 0.1930219 0.1777010 0.1599958 0.2939955 0.2939955
0.003703748 0.2080042 0.2284365 0.1477510 0.1891155 0.1160126 0.274473 0.2035005 0.2035005
0.001265764 0.2355116 0.3212649 0.3654207 0.5792854 0.7630321 0.8172162 0.488525 0.488525
0.03026041 0.1695579 0.2383338 0.5151367 0.4339056 0.7729144 0.9771951 0.4830267 0.4830267
0.04025313 0.2690841 0.3574397 0.2581510 0.3744158 0.2206363 0.3460589 0.3117506 0.3117506
0.003454367 0.2155784 0.2171156 0.2450356 0.1735224 0.3113882 0.1185791 0.2285173 0.2285173
0.0005321324 0.1214908 0.2362436 0.2217206 0.2707204 0.2348890 0.2832413 0.2217206 0.2217206
0.0005890397 0.1344833 0.2615079 0.2454318 0.2996718 0.2600085 0.3135317 0.2454318 0.2454318
0.0005117109 0.1168284 0.2271773 0.2132117 0.2603311 0.2258747 0.2723714 0.2132117 0.2132117
0.0004301017 0.09819627 0.1909464 0.1792080 0.2188127 0.1898515 0.2289328 0.1792080 0.1792080
0.0002655717 0.06063253 0.1179023 0.1106543 0.1351087 0.1172262 0.1413575 0.1106543 0.1106543
0.0005020655 0.1146263 0.2228952 0.2091928 0.2554240 0.2216171 0.2672374 0.2091928 0.2091928
0.0006349751 0.1449708 0.2819013 0.2645715 0.3230413 0.2802848 0.337982 0.2645715 0.2645715
0.0003432566 0.07836872 0.1523910 0.1430228 0.1746306 0.1515172 0.1827072 0.1430228 0.1430228
