West of Scotland Herring maturity-at-age ogive - mat (units : NA )
1	6	
1957	2008	
1	9	
1 
0 0.57 0.96 1 1 1 1 1 1
0 0.57 0.96 1 1 1 1 1 1
0 0.57 0.96 1 1 1 1 1 1
0 0.57 0.96 1 1 1 1 1 1
0 0.57 0.96 1 1 1 1 1 1
0 0.57 0.96 1 1 1 1 1 1
0 0.57 0.96 1 1 1 1 1 1
0 0.57 0.96 1 1 1 1 1 1
0 0.57 0.96 1 1 1 1 1 1
0 0.57 0.96 1 1 1 1 1 1
0 0.57 0.96 1 1 1 1 1 1
0 0.57 0.96 1 1 1 1 1 1
0 0.57 0.96 1 1 1 1 1 1
0 0.57 0.96 1 1 1 1 1 1
0 0.57 0.96 1 1 1 1 1 1
0 0.57 0.96 1 1 1 1 1 1
0 0.57 0.96 1 1 1 1 1 1
0 0.57 0.96 1 1 1 1 1 1
0 0.57 0.96 1 1 1 1 1 1
0 0.57 0.96 1 1 1 1 1 1
0 0.57 0.96 1 1 1 1 1 1
0 0.57 0.96 1 1 1 1 1 1
0 0.57 0.96 1 1 1 1 1 1
0 0.57 0.96 1 1 1 1 1 1
0 0.57 0.96 1 1 1 1 1 1
0 0.57 0.96 1 1 1 1 1 1
0 0.57 0.96 1 1 1 1 1 1
0 0.57 0.96 1 1 1 1 1 1
0 0.57 0.96 1 1 1 1 1 1
0 0.57 0.96 1 1 1 1 1 1
0 0.57 0.96 1 1 1 1 1 1
0 0.57 0.96 1 1 1 1 1 1
0 0.57 0.96 1 1 1 1 1 1
0 0.57 0.96 1 1 1 1 1 1
0 0.57 0.96 1 1 1 1 1 1
0 0.47 1 1 1 1 1 1 1
0 0.93 0.96 1 1 1 1 1 1
0 0.48 0.92 1 1 1 1 1 1
0 0.19 0.98 1 1 1 1 1 1
0 0.76 0.94 1 1 1 1 1 1
0 0.57 0.96 1 1 1 1 1 1
0 0.85 0.97 1 1 1 1 1 1
0 0.57 0.98 1 1 1 1 1 1
0 0.45 0.92 1 1 1 1 1 1
0 0.93 0.99 1 1 1 1 1 1
0 0.92 1 1 1 1 1 1 1
0 0.76 1 1 1 1 1 1 1
0 0.83 0.97 1 1 1 1 1 1
0 0.84 1 1 1 1 1 1 1
0 0.81 0.965 1 1 1 1 1 1
0 1 1 1 1 1 1 1 1
0 0.98 1 1 1 1 1 1 1
