Natural Mortality
1 5
1961 2009
1 8
1
  1.0  0.3  0.2  0.1  0.1  0.1  0.1  0.1
  1.0  0.3  0.2  0.1  0.1  0.1  0.1  0.1
  1.0  0.3  0.2  0.1  0.1  0.1  0.1  0.1
  1.0  0.3  0.2  0.1  0.1  0.1  0.1  0.1
  1.0  0.3  0.2  0.1  0.1  0.1  0.1  0.1
  1.0  0.3  0.2  0.1  0.1  0.1  0.1  0.1
  1.0  0.3  0.2  0.1  0.1  0.1  0.1  0.1
  1.0  0.3  0.2  0.1  0.1  0.1  0.1  0.1
  1.0  0.3  0.2  0.1  0.1  0.1  0.1  0.1
  1.0  0.3  0.2  0.1  0.1  0.1  0.1  0.1
  1.0  0.3  0.2  0.1  0.1  0.1  0.1  0.1
  1.0  0.3  0.2  0.1  0.1  0.1  0.1  0.1
  1.0  0.3  0.2  0.1  0.1  0.1  0.1  0.1
  1.0  0.3  0.2  0.1  0.1  0.1  0.1  0.1
  1.0  0.3  0.2  0.1  0.1  0.1  0.1  0.1
  1.0  0.3  0.2  0.1  0.1  0.1  0.1  0.1
  1.0  0.3  0.2  0.1  0.1  0.1  0.1  0.1
  1.0  0.3  0.2  0.1  0.1  0.1  0.1  0.1
  1.0  0.3  0.2  0.1  0.1  0.1  0.1  0.1
  1.0  0.3  0.2  0.1  0.1  0.1  0.1  0.1
  1.0  0.3  0.2  0.1  0.1  0.1  0.1  0.1
  1.0  0.3  0.2  0.1  0.1  0.1  0.1  0.1
  1.0  0.3  0.2  0.1  0.1  0.1  0.1  0.1
  1.0  0.3  0.2  0.1  0.1  0.1  0.1  0.1
  1.0  0.3  0.2  0.1  0.1  0.1  0.1  0.1
  1.0  0.3  0.2  0.1  0.1  0.1  0.1  0.1
  1.0  0.3  0.2  0.1  0.1  0.1  0.1  0.1
  1.0  0.3  0.2  0.1  0.1  0.1  0.1  0.1
  1.0  0.3  0.2  0.1  0.1  0.1  0.1  0.1
  1.0  0.3  0.2  0.1  0.1  0.1  0.1  0.1
  1.0  0.3  0.2  0.1  0.1  0.1  0.1  0.1
  1.0  0.3  0.2  0.1  0.1  0.1  0.1  0.1
  1.0  0.3  0.2  0.1  0.1  0.1  0.1  0.1
  1.0  0.3  0.2  0.1  0.1  0.1  0.1  0.1
  1.0  0.3  0.2  0.1  0.1  0.1  0.1  0.1
  1.0  0.3  0.2  0.1  0.1  0.1  0.1  0.1
  1.0  0.3  0.2  0.1  0.1  0.1  0.1  0.1
  1.0  0.3  0.2  0.1  0.1  0.1  0.1  0.1
  1.0  0.3  0.2  0.1  0.1  0.1  0.1  0.1
  1.0  0.3  0.2  0.1  0.1  0.1  0.1  0.1
  1.0  0.3  0.2  0.1  0.1  0.1  0.1  0.1
  1.0  0.3  0.2  0.1  0.1  0.1  0.1  0.1
  1.0  0.3  0.2  0.1  0.1  0.1  0.1  0.1
  1.0  0.3  0.2  0.1  0.1  0.1  0.1  0.1
  1.0  0.3  0.2  0.1  0.1  0.1  0.1  0.1
  1.0  0.3  0.2  0.1  0.1  0.1  0.1  0.1
  1.0  0.3  0.2  0.1  0.1  0.1  0.1  0.1
  1.0  0.3  0.2  0.1  0.1  0.1  0.1  0.1
  1.0  0.3  0.2  0.1  0.1  0.1  0.1  0.1
