Celtic Sea Herring maturity-at-age ogive - mat (units : NA )
1	6	
1958	2008	
1	6	
1 
0.5 1 1 1 1 1
0.5 1 1 1 1 1
0.5 1 1 1 1 1
0.5 1 1 1 1 1
0.5 1 1 1 1 1
0.5 1 1 1 1 1
0.5 1 1 1 1 1
0.5 1 1 1 1 1
0.5 1 1 1 1 1
0.5 1 1 1 1 1
0.5 1 1 1 1 1
0.5 1 1 1 1 1
0.5 1 1 1 1 1
0.5 1 1 1 1 1
0.5 1 1 1 1 1
0.5 1 1 1 1 1
0.5 1 1 1 1 1
0.5 1 1 1 1 1
0.5 1 1 1 1 1
0.5 1 1 1 1 1
0.5 1 1 1 1 1
0.5 1 1 1 1 1
0.5 1 1 1 1 1
0.5 1 1 1 1 1
0.5 1 1 1 1 1
0.5 1 1 1 1 1
0.5 1 1 1 1 1
0.5 1 1 1 1 1
0.5 1 1 1 1 1
0.5 1 1 1 1 1
0.5 1 1 1 1 1
0.5 1 1 1 1 1
0.5 1 1 1 1 1
0.5 1 1 1 1 1
0.5 1 1 1 1 1
0.5 1 1 1 1 1
0.5 1 1 1 1 1
0.5 1 1 1 1 1
0.5 1 1 1 1 1
0.5 1 1 1 1 1
0.5 1 1 1 1 1
0.5 1 1 1 1 1
0.5 1 1 1 1 1
0.5 1 1 1 1 1
0.5 1 1 1 1 1
0.5 1 1 1 1 1
0.5 1 1 1 1 1
0.5 1 1 1 1 1
0.5 1 1 1 1 1
0.5 1 1 1 1 1
0.5 1 1 1 1 1
