Celtic Sea Herring fishing mortality - harvest (units : f )
1	12	
1958	2010	
1	6	
1 
0.008785719 0.1671848 0.3975934 0.4894011 0.3771666 0.3771666
0.002169922 0.3187024 0.1537547 0.4029447 0.3550279 0.3550279
0.02370454 0.2978583 0.6198954 0.3872715 0.4938163 0.4938163
0.01531629 0.3122366 0.2215901 0.2613257 0.3305443 0.3305443
0.002147967 0.3092337 0.8695435 0.5662818 0.6383726 0.6383726
0.001641762 0.3359809 0.396994 0.4186313 0.4506877 0.4506877
0.01101549 0.1802838 0.1881967 0.3434754 0.2700123 0.2700123
0.0002641888 0.2288613 0.1723902 0.2488047 0.2631675 0.2631675
0.01610484 0.1977710 0.3315314 0.2640724 0.303321 0.303321
0.01691069 0.2001456 0.3402510 0.4709344 0.3710224 0.3710224
0.02317201 0.2786724 0.3315679 0.3176114 0.3654931 0.3654931
0.03410807 0.4360377 0.5354519 0.4834237 0.5732816 0.5732816
0.009713875 0.3148359 0.4759998 0.5078827 0.4924454 0.4924454
0.02355528 0.415348 0.6512404 0.9004129 0.7280872 0.7280872
0.05133495 0.7086973 0.706716 0.6031898 0.821254 0.821254
0.1350723 0.6329379 0.7773184 0.6392607 0.813022 0.813022
0.06895613 0.7324435 0.72153 0.8108359 0.9033098 0.9033098
0.1478036 0.502697 0.8664847 0.7507575 0.8033129 0.8033129
0.1264625 0.3241319 0.5083047 1.010600 0.6626715 0.6626715
0.07836746 0.2913796 0.4807477 0.8196186 0.5763883 0.5763883
0.03327386 0.3087671 0.535859 0.629066 0.546139 0.546139
0.07771117 0.4033755 0.5629446 0.9085993 0.6943977 0.6943977
0.07891719 0.5509685 0.770887 0.6327466 0.7625388 0.7625388
0.1643397 0.6552353 1.150486 1.013937 1.064944 1.064944
0.03663049 0.4879511 0.6749695 0.8214783 0.7528307 0.7528307
0.02911774 0.6751331 0.7163307 0.5397644 0.7860285 0.7860285
0.05511507 0.509242 0.6903424 1.290265 0.9137864 0.9137864
0.05610646 0.3970286 0.4086418 0.6049075 0.5462214 0.5462214
0.01226676 0.4481469 0.6368455 0.762628 0.6995678 0.6995678
0.00969443 0.4959637 0.8009768 0.8166261 0.7978746 0.7978746
0.00929801 0.3067032 0.4835746 0.3779465 0.4505162 0.4505162
0.02776120 0.4130032 0.4860567 0.6148937 0.5841208 0.5841208
0.009980233 0.3303851 0.4829042 0.4729907 0.4928349 0.4928349
0.01680442 0.6247437 0.6192184 0.6872449 0.770408 0.770408
0.01723292 0.6254811 0.947552 1.265072 1.057511 1.057511
0.00770599 0.3709875 0.5018489 0.7789903 0.6159659 0.6159659
0.02755296 0.4139262 0.4777574 0.3114369 0.4887945 0.4887945
0.02200396 0.4453775 0.5400098 0.5501016 0.6005337 0.6005337
0.01612127 0.3397173 0.4310209 0.3490366 0.442795 0.442795
0.01635270 0.4230809 0.5893087 0.725517 0.6581678 0.6581678
0.0382043 0.4313146 0.6738151 0.6927322 0.6809352 0.6809352
0.04444753 0.5948938 0.9178615 0.9326742 0.9283625 0.9283625
0.03490597 0.6613671 0.8722585 0.8896759 0.9375529 0.9375529
0.05957818 0.5730976 0.8207693 0.7195227 0.8182944 0.8182944
0.01021301 0.2298898 0.3556985 0.2508859 0.3254902 0.3254902
0.03696042 0.2421451 0.3666889 0.5050838 0.4140543 0.4140543
0.02233777 0.3016738 0.5779912 0.6186264 0.5529707 0.5529707
0.02905111 0.2520685 0.4275195 0.4645872 0.4275195 0.4275195
0.01484430 0.1287999 0.2184504 0.237391 0.2184504 0.2184504
0.01155002 0.1002163 0.1699714 0.1847086 0.1699714 0.1699714
0.006290947 0.05458481 0.0925783 0.1006052 0.0925783 0.0925783
0.004832253 0.04192813 0.07111199 0.0772777 0.07111199 0.07111199
0.006279073 0.05448179 0.09240356 0.1004153 0.09240356 0.09240356
