# Auto generated file
# Datetime : 2011-09-28 16:21:01

# Number of fleets (res+con+sur)
 5 
# Fleet types (res=0, con=1, sur=2, ssb=3)
 # catch MLAI IBTS0 IBTS-Q1 HERAS #   
 0 3 2 2 2 #   
# Sample times (only relevent for sur)
 # catch MLAI IBTS0 IBTS-Q1 HERAS #   
 -99999 -99999 0.125 0.125 0.55 #   
# Number of years
 51 
# Years
 1960 1961 1962 1963 1964 1965 1966 1967 1968 1969 1970 1971 1972 1973 1974 1975 1976 1977 1978 1979 1980 1981 1982 1983 1984 1985 1986 1987 1988 1989 1990 1991 1992 1993 1994 1995 1996 1997 1998 1999 2000 2001 2002 2003 2004 2005 2006 2007 2008 2009 2010 
# Number of observations 
 871 
# Index1 (index of first obs in each year) 
 1 11 21 31 41 51 61 71 81 91 101 111 121 131 142 153 164 175 185 196 207 218 229 240 251 267 283 299 315 331 355 379 403 428 453 478 503 528 554 580 606 632 658 684 710 736 762 788 814 840 866 
# Index2 (index of last obs in each year) 
 10 20 30 40 50 60 70 80 90 100 110 120 130 141 152 163 174 184 195 206 217 228 239 250 266 282 298 314 330 354 378 402 427 452 477 502 527 553 579 605 631 657 683 709 735 761 787 813 839 865 871 
# The observation matrix 
# year fleet age data fleet.name 
1960 1 0 194600 #catch
1960 1 1 2392700 #catch
1960 1 2 1142300 #catch
1960 1 3 1966700 #catch
1960 1 4 165900 #catch
1960 1 5 167700 #catch
1960 1 6 112900 #catch
1960 1 7 125800 #catch
1960 1 8 128600 #catch
1960 1 9 142000 #catch
1961 1 0 1269200 #catch
1961 1 1 336000 #catch
1961 1 2 1889400 #catch
1961 1 3 479900 #catch
1961 1 4 1455900 #catch
1961 1 5 124000 #catch
1961 1 6 157900 #catch
1961 1 7 61400 #catch
1961 1 8 56000 #catch
1961 1 9 87500 #catch
1962 1 0 141800 #catch
1962 1 1 2146900 #catch
1962 1 2 269600 #catch
1962 1 3 797400 #catch
1962 1 4 335100 #catch
1962 1 5 1081800 #catch
1962 1 6 126900 #catch
1962 1 7 145100 #catch
1962 1 8 86300 #catch
1962 1 9 86800 #catch
1963 1 0 442800 #catch
1963 1 1 1262200 #catch
1963 1 2 2961200 #catch
1963 1 3 177200 #catch
1963 1 4 158300 #catch
1963 1 5 80600 #catch
1963 1 6 229700 #catch
1963 1 7 22400 #catch
1963 1 8 42000 #catch
1963 1 9 51000 #catch
1964 1 0 496900 #catch
1964 1 1 2971700 #catch
1964 1 2 1547500 #catch
1964 1 3 2243100 #catch
1964 1 4 148400 #catch
1964 1 5 149000 #catch
1964 1 6 95000 #catch
1964 1 7 256300 #catch
1964 1 8 26300 #catch
1964 1 9 57700 #catch
1965 1 0 157100 #catch
1965 1 1 3209300 #catch
1965 1 2 2217600 #catch
1965 1 3 1324600 #catch
1965 1 4 2039400 #catch
1965 1 5 145100 #catch
1965 1 6 151900 #catch
1965 1 7 117600 #catch
1965 1 8 413000 #catch
1965 1 9 78400 #catch
1966 1 0 374500 #catch
1966 1 1 1383100 #catch
1966 1 2 2569700 #catch
1966 1 3 741200 #catch
1966 1 4 450100 #catch
1966 1 5 889800 #catch
1966 1 6 45300 #catch
1966 1 7 64800 #catch
1966 1 8 95500 #catch
1966 1 9 236300 #catch
1967 1 0 645400 #catch
1967 1 1 1674300 #catch
1967 1 2 1171500 #catch
1967 1 3 1364700 #catch
1967 1 4 371500 #catch
1967 1 5 297800 #catch
1967 1 6 393100 #catch
1967 1 7 67900 #catch
1967 1 8 81600 #catch
1967 1 9 172800 #catch
1968 1 0 839300 #catch
1968 1 1 2425000 #catch
1968 1 2 1795200 #catch
1968 1 3 1494300 #catch
1968 1 4 621400 #catch
1968 1 5 157100 #catch
1968 1 6 145000 #catch
1968 1 7 163400 #catch
1968 1 8 13700 #catch
1968 1 9 91800 #catch
1969 1 0 112000 #catch
1969 1 1 2503300 #catch
1969 1 2 1883000 #catch
1969 1 3 296300 #catch
1969 1 4 133100 #catch
1969 1 5 190800 #catch
1969 1 6 49900 #catch
1969 1 7 42700 #catch
1969 1 8 27400 #catch
1969 1 9 25100 #catch
1970 1 0 898100 #catch
1970 1 1 1196200 #catch
1970 1 2 2002800 #catch
1970 1 3 883600 #catch
1970 1 4 125200 #catch
1970 1 5 50300 #catch
1970 1 6 61000 #catch
1970 1 7 7900 #catch
1970 1 8 12000 #catch
1970 1 9 12200 #catch
1971 1 0 684000 #catch
1971 1 1 4378500 #catch
1971 1 2 1146800 #catch
1971 1 3 662500 #catch
1971 1 4 208300 #catch
1971 1 5 26900 #catch
1971 1 6 30500 #catch
1971 1 7 26800 #catch
1971 1 8 100 #catch
1971 1 9 12400 #catch
1972 1 0 750400 #catch
1972 1 1 3340600 #catch
1972 1 2 1440500 #catch
1972 1 3 343800 #catch
1972 1 4 130600 #catch
1972 1 5 32900 #catch
1972 1 6 5000 #catch
1972 1 7 200 #catch
1972 1 8 1100 #catch
1972 1 9 400 #catch
1973 1 0 289400 #catch
1973 1 1 2368000 #catch
1973 1 2 1344200 #catch
1973 1 3 659200 #catch
1973 1 4 150200 #catch
1973 1 5 59300 #catch
1973 1 6 30600 #catch
1973 1 7 3700 #catch
1973 1 8 1400 #catch
1973 1 9 600 #catch
1973 2 6 12.892 #MLAI
1974 1 0 996100 #catch
1974 1 1 846100 #catch
1974 1 2 772600 #catch
1974 1 3 362000 #catch
1974 1 4 126000 #catch
1974 1 5 56100 #catch
1974 1 6 22300 #catch
1974 1 7 5000 #catch
1974 1 8 2000 #catch
1974 1 9 1100 #catch
1974 2 6 7.676 #MLAI
1975 1 0 263800 #catch
1975 1 1 2460500 #catch
1975 1 2 541700 #catch
1975 1 3 259600 #catch
1975 1 4 140500 #catch
1975 1 5 57200 #catch
1975 1 6 16100 #catch
1975 1 7 9100 #catch
1975 1 8 3400 #catch
1975 1 9 1400 #catch
1975 2 6 2.777 #MLAI
1976 1 0 238200 #catch
1976 1 1 126600 #catch
1976 1 2 901500 #catch
1976 1 3 117300 #catch
1976 1 4 52000 #catch
1976 1 5 34500 #catch
1976 1 6 6100 #catch
1976 1 7 4400 #catch
1976 1 8 1000 #catch
1976 1 9 400 #catch
1976 2 6 2.458 #MLAI
1977 1 0 256800 #catch
1977 1 1 144300 #catch
1977 1 2 44700 #catch
1977 1 3 186400 #catch
1977 1 4 10800 #catch
1977 1 5 7000 #catch
1977 1 6 4100 #catch
1977 1 7 1500 #catch
1977 1 8 700 #catch
1977 2 6 6.081 #MLAI
1978 1 0 130000 #catch
1978 1 1 168600 #catch
1978 1 2 4900 #catch
1978 1 3 5700 #catch
1978 1 4 5000 #catch
1978 1 5 300 #catch
1978 1 6 200 #catch
1978 1 7 200 #catch
1978 1 8 200 #catch
1978 1 9 300 #catch
1978 2 6 7.276 #MLAI
1979 1 0 542000 #catch
1979 1 1 159200 #catch
1979 1 2 34100 #catch
1979 1 3 10000 #catch
1979 1 4 10100 #catch
1979 1 5 2100 #catch
1979 1 6 200 #catch
1979 1 7 800 #catch
1979 1 8 600 #catch
1979 1 9 100 #catch
1979 2 6 13.765 #MLAI
1980 1 0 1262700 #catch
1980 1 1 245100 #catch
1980 1 2 134000 #catch
1980 1 3 91800 #catch
1980 1 4 32200 #catch
1980 1 5 21700 #catch
1980 1 6 2300 #catch
1980 1 7 1400 #catch
1980 1 8 400 #catch
1980 1 9 100 #catch
1980 2 6 9.251 #MLAI
1981 1 0 9519700 #catch
1981 1 1 872000 #catch
1981 1 2 284300 #catch
1981 1 3 56900 #catch
1981 1 4 39500 #catch
1981 1 5 28500 #catch
1981 1 6 22700 #catch
1981 1 7 18700 #catch
1981 1 8 5500 #catch
1981 1 9 1100 #catch
1981 2 6 13.521 #MLAI
1982 1 0 11956700 #catch
1982 1 1 1116400 #catch
1982 1 2 299400 #catch
1982 1 3 230100 #catch
1982 1 4 33700 #catch
1982 1 5 14400 #catch
1982 1 6 6800 #catch
1982 1 7 7800 #catch
1982 1 8 3600 #catch
1982 1 9 1100 #catch
1982 2 6 19.859 #MLAI
1983 1 0 13296900 #catch
1983 1 1 2448600 #catch
1983 1 2 573800 #catch
1983 1 3 216400 #catch
1983 1 4 105100 #catch
1983 1 5 26200 #catch
1983 1 6 22800 #catch
1983 1 7 12800 #catch
1983 1 8 11000 #catch
1983 1 9 12100 #catch
1983 2 6 25.456 #MLAI
1984 1 0 6973300 #catch
1984 1 1 1818400 #catch
1984 1 2 1146200 #catch
1984 1 3 441400 #catch
1984 1 4 201500 #catch
1984 1 5 81100 #catch
1984 1 6 22600 #catch
1984 1 7 25200 #catch
1984 1 8 11100 #catch
1984 1 9 18600 #catch
1984 2 6 45.835 #MLAI
1984 4 1 1515.627 #IBTS-Q1
1984 4 2 161.48 #IBTS-Q1
1984 4 3 61.428 #IBTS-Q1
1984 4 4 26.888 #IBTS-Q1
1984 4 5 10.238 #IBTS-Q1
1985 1 0 4211000 #catch
1985 1 1 3253000 #catch
1985 1 2 1326300 #catch
1985 1 3 1182400 #catch
1985 1 4 368500 #catch
1985 1 5 124500 #catch
1985 1 6 43600 #catch
1985 1 7 20200 #catch
1985 1 8 13100 #catch
1985 1 9 16100 #catch
1985 2 6 70.134 #MLAI
1985 4 1 2097.28 #IBTS-Q1
1985 4 2 721.646 #IBTS-Q1
1985 4 3 281.99 #IBTS-Q1
1985 4 4 42.088 #IBTS-Q1
1985 4 5 27.941 #IBTS-Q1
1986 1 0 3724700 #catch
1986 1 1 4801400 #catch
1986 1 2 1266700 #catch
1986 1 3 840800 #catch
1986 1 4 465900 #catch
1986 1 5 129800 #catch
1986 1 6 62100 #catch
1986 1 7 20500 #catch
1986 1 8 13600 #catch
1986 1 9 14800 #catch
1986 2 6 36.524 #MLAI
1986 4 1 2662.812 #IBTS-Q1
1986 4 2 782.122 #IBTS-Q1
1986 4 3 276.031 #IBTS-Q1
1986 4 4 79.007 #IBTS-Q1
1986 4 5 28.076 #IBTS-Q1
1987 1 0 8229200 #catch
1987 1 1 6836300 #catch
1987 1 2 2137200 #catch
1987 1 3 667900 #catch
1987 1 4 467100 #catch
1987 1 5 245800 #catch
1987 1 6 74700 #catch
1987 1 7 23800 #catch
1987 1 8 8000 #catch
1987 1 9 8200 #catch
1987 2 6 64.774 #MLAI
1987 4 1 3692.965 #IBTS-Q1
1987 4 2 917.55 #IBTS-Q1
1987 4 3 116.315 #IBTS-Q1
1987 4 4 59.351 #IBTS-Q1
1987 4 5 48.763 #IBTS-Q1
1988 1 0 3164800 #catch
1988 1 1 7867000 #catch
1988 1 2 2232500 #catch
1988 1 3 1090700 #catch
1988 1 4 383700 #catch
1988 1 5 255800 #catch
1988 1 6 128100 #catch
1988 1 7 38000 #catch
1988 1 8 15300 #catch
1988 1 9 8500 #catch
1988 2 6 128.523 #MLAI
1988 4 1 4394.168 #IBTS-Q1
1988 4 2 4163.384 #IBTS-Q1
1988 4 3 791.528 #IBTS-Q1
1988 4 4 57.957 #IBTS-Q1
1988 4 5 25.054 #IBTS-Q1
1989 1 0 3057800 #catch
1989 1 1 3145900 #catch
1989 1 2 1593700 #catch
1989 1 3 1363800 #catch
1989 1 4 809300 #catch
1989 1 5 211800 #catch
1989 1 6 123700 #catch
1989 1 7 61000 #catch
1989 1 8 19500 #catch
1989 1 9 8700 #catch
1989 2 6 126.86 #MLAI
1989 4 1 2331.566 #IBTS-Q1
1989 4 2 875.336 #IBTS-Q1
1989 4 3 338.514 #IBTS-Q1
1989 4 4 89.381 #IBTS-Q1
1989 4 5 8.519 #IBTS-Q1
1989 5 2 4090000 #HERAS
1989 5 3 3903000 #HERAS
1989 5 4 1633000 #HERAS
1989 5 5 492000 #HERAS
1989 5 6 283000 #HERAS
1989 5 7 120000 #HERAS
1989 5 8 44000 #HERAS
1989 5 9 22000 #HERAS
1990 1 0 1302800 #catch
1990 1 1 3020000 #catch
1990 1 2 899300 #catch
1990 1 3 779100 #catch
1990 1 4 861000 #catch
1990 1 5 387500 #catch
1990 1 6 80200 #catch
1990 1 7 54400 #catch
1990 1 8 28800 #catch
1990 1 9 11900 #catch
1990 2 6 164.982 #MLAI
1990 4 1 1061.572 #IBTS-Q1
1990 4 2 462.097 #IBTS-Q1
1990 4 3 279.78 #IBTS-Q1
1990 4 4 269.108 #IBTS-Q1
1990 4 5 71.303 #IBTS-Q1
1990 5 2 3306000 #HERAS
1990 5 3 3521000 #HERAS
1990 5 4 3414000 #HERAS
1990 5 5 1366000 #HERAS
1990 5 6 392000 #HERAS
1990 5 7 210000 #HERAS
1990 5 8 133000 #HERAS
1990 5 9 43000 #HERAS
1991 1 0 2386600 #catch
1991 1 1 2138900 #catch
1991 1 2 1132800 #catch
1991 1 3 556700 #catch
1991 1 4 548900 #catch
1991 1 5 501200 #catch
1991 1 6 205300 #catch
1991 1 7 39300 #catch
1991 1 8 25600 #catch
1991 1 9 13000 #catch
1991 2 6 87.928 #MLAI
1991 4 1 1286.747 #IBTS-Q1
1991 4 2 693.02 #IBTS-Q1
1991 4 3 258.604 #IBTS-Q1
1991 4 4 221.523 #IBTS-Q1
1991 4 5 146.096 #IBTS-Q1
1991 5 2 2634000 #HERAS
1991 5 3 1700000 #HERAS
1991 5 4 1959000 #HERAS
1991 5 5 1849000 #HERAS
1991 5 6 644000 #HERAS
1991 5 7 228000 #HERAS
1991 5 8 94000 #HERAS
1991 5 9 51000 #HERAS
1992 1 0 10331300 #catch
1992 1 1 2303100 #catch
1992 1 2 1284900 #catch
1992 1 3 442700 #catch
1992 1 4 361500 #catch
1992 1 5 360500 #catch
1992 1 6 375600 #catch
1992 1 7 152400 #catch
1992 1 8 39200 #catch
1992 1 9 23300 #catch
1992 2 6 40.524 #MLAI
1992 3 0 200.7 #IBTS0
1992 4 1 1268.145 #IBTS-Q1
1992 4 2 436.563 #IBTS-Q1
1992 4 3 193.085 #IBTS-Q1
1992 4 4 54.81 #IBTS-Q1
1992 4 5 92.268 #IBTS-Q1
1992 5 2 3734000 #HERAS
1992 5 3 1378000 #HERAS
1992 5 4 1147000 #HERAS
1992 5 5 1134000 #HERAS
1992 5 6 1246000 #HERAS
1992 5 7 395000 #HERAS
1992 5 8 114000 #HERAS
1992 5 9 104000 #HERAS
1993 1 0 10265400 #catch
1993 1 1 3826800 #catch
1993 1 2 1176300 #catch
1993 1 3 609000 #catch
1993 1 4 305500 #catch
1993 1 5 215600 #catch
1993 1 6 226000 #catch
1993 1 7 188000 #catch
1993 1 8 87300 #catch
1993 1 9 41700 #catch
1993 2 6 28.643 #MLAI
1993 3 0 190.1 #IBTS0
1993 4 1 2794.007 #IBTS-Q1
1993 4 2 787.421 #IBTS-Q1
1993 4 3 222.585 #IBTS-Q1
1993 4 4 45.042 #IBTS-Q1
1993 4 5 65.534 #IBTS-Q1
1993 5 2 2984000 #HERAS
1993 5 3 1637000 #HERAS
1993 5 4 902000 #HERAS
1993 5 5 741000 #HERAS
1993 5 6 777000 #HERAS
1993 5 7 551000 #HERAS
1993 5 8 180000 #HERAS
1993 5 9 116000 #HERAS
1994 1 0 4498900 #catch
1994 1 1 1785200 #catch
1994 1 2 1783200 #catch
1994 1 3 489100 #catch
1994 1 4 347600 #catch
1994 1 5 109000 #catch
1994 1 6 91800 #catch
1994 1 7 76400 #catch
1994 1 8 70000 #catch
1994 1 9 46600 #catch
1994 2 6 19.982 #MLAI
1994 3 0 101.7 #IBTS0
1994 4 1 1752.053 #IBTS-Q1
1994 4 2 1167.221 #IBTS-Q1
1994 4 3 213.059 #IBTS-Q1
1994 4 4 69.004 #IBTS-Q1
1994 4 5 42.503 #IBTS-Q1
1994 5 2 3185000 #HERAS
1994 5 3 839000 #HERAS
1994 5 4 399000 #HERAS
1994 5 5 381000 #HERAS
1994 5 6 321000 #HERAS
1994 5 7 326000 #HERAS
1994 5 8 219000 #HERAS
1994 5 9 131000 #HERAS
1995 1 0 7438469 #catch
1995 1 1 1664874 #catch
1995 1 2 1444061 #catch
1995 1 3 816703 #catch
1995 1 4 231794 #catch
1995 1 5 118536 #catch
1995 1 6 55128 #catch
1995 1 7 41409 #catch
1995 1 8 68955 #catch
1995 1 9 29245 #catch
1995 2 6 20.474 #MLAI
1995 3 0 127 #IBTS0
1995 4 1 1345.754 #IBTS-Q1
1995 4 2 1392.857 #IBTS-Q1
1995 4 3 278.544 #IBTS-Q1
1995 4 4 36.67 #IBTS-Q1
1995 4 5 6.551 #IBTS-Q1
1995 5 2 3849000 #HERAS
1995 5 3 2041000 #HERAS
1995 5 4 672000 #HERAS
1995 5 5 299000 #HERAS
1995 5 6 203000 #HERAS
1995 5 7 138000 #HERAS
1995 5 8 119000 #HERAS
1995 5 9 93000 #HERAS
1996 1 0 2311226 #catch
1996 1 1 1606393 #catch
1996 1 2 642084 #catch
1996 1 3 525601 #catch
1996 1 4 172099 #catch
1996 1 5 57586 #catch
1996 1 6 22534 #catch
1996 1 7 9264 #catch
1996 1 8 17195 #catch
1996 1 9 3948 #catch
1996 2 6 40.646 #MLAI
1996 3 0 106.5 #IBTS0
1996 4 1 1890.872 #IBTS-Q1
1996 4 2 197.522 #IBTS-Q1
1996 4 3 32.875 #IBTS-Q1
1996 4 4 10.193 #IBTS-Q1
1996 4 5 8.079 #IBTS-Q1
1996 5 2 4497000 #HERAS
1996 5 3 2824000 #HERAS
1996 5 4 1087000 #HERAS
1996 5 5 311000 #HERAS
1996 5 6 99000 #HERAS
1996 5 7 83000 #HERAS
1996 5 8 133000 #HERAS
1996 5 9 206000 #HERAS
1997 1 0 431175 #catch
1997 1 1 479702 #catch
1997 1 2 687920 #catch
1997 1 3 446909 #catch
1997 1 4 284920 #catch
1997 1 5 109178 #catch
1997 1 6 31389 #catch
1997 1 7 11832 #catch
1997 1 8 18770 #catch
1997 1 9 5697 #catch
1997 2 6 53.077 #MLAI
1997 3 0 148.1 #IBTS0
1997 4 1 4404.647 #IBTS-Q1
1997 4 2 506.536 #IBTS-Q1
1997 4 3 162.66 #IBTS-Q1
1997 4 4 30.532 #IBTS-Q1
1997 4 5 19.935 #IBTS-Q1
1997 5 1 9361000 #HERAS
1997 5 2 5960000 #HERAS
1997 5 3 2935000 #HERAS
1997 5 4 1441000 #HERAS
1997 5 5 601000 #HERAS
1997 5 6 215000 #HERAS
1997 5 7 46000 #HERAS
1997 5 8 78000 #HERAS
1997 5 9 159000 #HERAS
1998 1 0 259526 #catch
1998 1 1 977680 #catch
1998 1 2 1220105 #catch
1998 1 3 537932 #catch
1998 1 4 276333 #catch
1998 1 5 175817 #catch
1998 1 6 88927 #catch
1998 1 7 15232 #catch
1998 1 8 16766 #catch
1998 1 9 3784 #catch
1998 2 6 66.596 #MLAI
1998 3 0 53.1 #IBTS0
1998 4 1 2275.845 #IBTS-Q1
1998 4 2 791.593 #IBTS-Q1
1998 4 3 95.66 #IBTS-Q1
1998 4 4 20.81 #IBTS-Q1
1998 4 5 17.841 #IBTS-Q1
1998 5 1 4449000 #HERAS
1998 5 2 5747000 #HERAS
1998 5 3 2520000 #HERAS
1998 5 4 1625000 #HERAS
1998 5 5 982000 #HERAS
1998 5 6 445000 #HERAS
1998 5 7 170000 #HERAS
1998 5 8 45000 #HERAS
1998 5 9 121000 #HERAS
1999 1 0 1566349 #catch
1999 1 1 303520 #catch
1999 1 2 616354 #catch
1999 1 3 1058716 #catch
1999 1 4 294066 #catch
1999 1 5 135648 #catch
1999 1 6 69299 #catch
1999 1 7 27998 #catch
1999 1 8 10174 #catch
1999 1 9 2054 #catch
1999 2 6 55.731 #MLAI
1999 3 0 244 #IBTS0
1999 4 1 752.862 #IBTS-Q1
1999 4 2 450.623 #IBTS-Q1
1999 4 3 501.325 #IBTS-Q1
1999 4 4 98.179 #IBTS-Q1
1999 4 5 35.566 #IBTS-Q1
1999 5 1 5087000 #HERAS
1999 5 2 3078000 #HERAS
1999 5 3 4725000 #HERAS
1999 5 4 1116000 #HERAS
1999 5 5 506000 #HERAS
1999 5 6 314000 #HERAS
1999 5 7 139000 #HERAS
1999 5 8 54000 #HERAS
1999 5 9 87000 #HERAS
2000 1 0 1105085 #catch
2000 1 1 1171677 #catch
2000 1 2 622853 #catch
2000 1 3 463170 #catch
2000 1 4 646814 #catch
2000 1 5 213466 #catch
2000 1 6 82481 #catch
2000 1 7 35706 #catch
2000 1 8 14624 #catch
2000 1 9 2463 #catch
2000 2 6 37.392 #MLAI
2000 3 0 137.1 #IBTS0
2000 4 1 3725.131 #IBTS-Q1
2000 4 2 199.374 #IBTS-Q1
2000 4 3 154.691 #IBTS-Q1
2000 4 4 58.838 #IBTS-Q1
2000 4 5 8.952 #IBTS-Q1
2000 5 1 24736000 #HERAS
2000 5 2 2923000 #HERAS
2000 5 3 2156000 #HERAS
2000 5 4 3140000 #HERAS
2000 5 5 1007000 #HERAS
2000 5 6 483000 #HERAS
2000 5 7 266000 #HERAS
2000 5 8 120000 #HERAS
2000 5 9 97000 #HERAS
2001 1 0 1832691 #catch
2001 1 1 614469 #catch
2001 1 2 842635 #catch
2001 1 3 485628 #catch
2001 1 4 278884 #catch
2001 1 5 321743 #catch
2001 1 6 90918 #catch
2001 1 7 38252 #catch
2001 1 8 17910 #catch
2001 1 9 2692 #catch
2001 2 6 123.398 #MLAI
2001 3 0 214.8 #IBTS0
2001 4 1 2499.391 #IBTS-Q1
2001 4 2 1129.308 #IBTS-Q1
2001 4 3 317.069 #IBTS-Q1
2001 4 4 93.886 #IBTS-Q1
2001 4 5 68.284 #IBTS-Q1
2001 5 1 6837000 #HERAS
2001 5 2 12290000 #HERAS
2001 5 3 3083000 #HERAS
2001 5 4 1462000 #HERAS
2001 5 5 1676000 #HERAS
2001 5 6 450000 #HERAS
2001 5 7 170000 #HERAS
2001 5 8 98000 #HERAS
2001 5 9 59000 #HERAS
2002 1 0 730279 #catch
2002 1 1 837557 #catch
2002 1 2 579592 #catch
2002 1 3 970577 #catch
2002 1 4 292205 #catch
2002 1 5 140701 #catch
2002 1 6 174570 #catch
2002 1 7 48908 #catch
2002 1 8 34620 #catch
2002 1 9 8702 #catch
2002 2 6 104.485 #MLAI
2002 3 0 161.8 #IBTS0
2002 4 1 4064.829 #IBTS-Q1
2002 4 2 658.154 #IBTS-Q1
2002 4 3 338.153 #IBTS-Q1
2002 4 4 25.048 #IBTS-Q1
2002 4 5 19.936 #IBTS-Q1
2002 5 1 23055000 #HERAS
2002 5 2 4875000 #HERAS
2002 5 3 8220000 #HERAS
2002 5 4 1390000 #HERAS
2002 5 5 794600 #HERAS
2002 5 6 1031000 #HERAS
2002 5 7 244400 #HERAS
2002 5 8 121000 #HERAS
2002 5 9 149500 #HERAS
2003 1 0 369074 #catch
2003 1 1 617021 #catch
2003 1 2 1221992 #catch
2003 1 3 529386 #catch
2003 1 4 835552 #catch
2003 1 5 244780 #catch
2003 1 6 107751 #catch
2003 1 7 123291 #catch
2003 1 8 37671 #catch
2003 1 9 9044 #catch
2003 2 6 250.644 #MLAI
2003 3 0 54.4 #IBTS0
2003 4 1 2765.059 #IBTS-Q1
2003 4 2 1556.082 #IBTS-Q1
2003 4 3 611.89 #IBTS-Q1
2003 4 4 359.989 #IBTS-Q1
2003 4 5 53.166 #IBTS-Q1
2003 5 1 9829400 #HERAS
2003 5 2 18949400 #HERAS
2003 5 3 3081000 #HERAS
2003 5 4 4188900 #HERAS
2003 5 5 675100 #HERAS
2003 5 6 494800 #HERAS
2003 5 7 568300 #HERAS
2003 5 8 145500 #HERAS
2003 5 9 177700 #HERAS
2004 1 0 715597 #catch
2004 1 1 206648 #catch
2004 1 2 447918 #catch
2004 1 3 1366155 #catch
2004 1 4 543376 #catch
2004 1 5 753231 #catch
2004 1 6 169324 #catch
2004 1 7 104945 #catch
2004 1 8 65341 #catch
2004 1 9 31801 #catch
2004 2 6 308.878 #MLAI
2004 3 0 47.3 #IBTS0
2004 4 1 979.036 #IBTS-Q1
2004 4 2 451.015 #IBTS-Q1
2004 4 3 777.324 #IBTS-Q1
2004 4 4 112.374 #IBTS-Q1
2004 4 5 171.231 #IBTS-Q1
2004 5 1 5183700 #HERAS
2004 5 2 3415900 #HERAS
2004 5 3 9191800 #HERAS
2004 5 4 2167300 #HERAS
2004 5 5 2590700 #HERAS
2004 5 6 317100 #HERAS
2004 5 7 327600 #HERAS
2004 5 8 342050 #HERAS
2004 5 9 185600 #HERAS
2005 1 0 1015554 #catch
2005 1 1 715547 #catch
2005 1 2 355453 #catch
2005 1 3 485746 #catch
2005 1 4 1318647 #catch
2005 1 5 479961 #catch
2005 1 6 576154 #catch
2005 1 7 115212 #catch
2005 1 8 88311 #catch
2005 1 9 58497 #catch
2005 2 6 183.782 #MLAI
2005 3 0 61.3 #IBTS0
2005 4 1 1001.585 #IBTS-Q1
2005 4 2 214.191 #IBTS-Q1
2005 4 3 356.007 #IBTS-Q1
2005 4 4 388.922 #IBTS-Q1
2005 4 5 131.481 #IBTS-Q1
2005 5 1 3114100 #HERAS
2005 5 2 2055100 #HERAS
2005 5 3 3648500 #HERAS
2005 5 4 5789600 #HERAS
2005 5 5 1212900 #HERAS
2005 5 6 1174900 #HERAS
2005 5 7 139900 #HERAS
2005 5 8 126500 #HERAS
2005 5 9 106700 #HERAS
2006 1 0 878637 #catch
2006 1 1 222111 #catch
2006 1 2 401087 #catch
2006 1 3 310602 #catch
2006 1 4 464620 #catch
2006 1 5 997782 #catch
2006 1 6 252150 #catch
2006 1 7 247042 #catch
2006 1 8 63035 #catch
2006 1 9 43377 #catch
2006 2 6 112.811 #MLAI
2006 3 0 83.1 #IBTS0
2006 4 1 923.167 #IBTS-Q1
2006 4 2 1490.917 #IBTS-Q1
2006 4 3 331.024 #IBTS-Q1
2006 4 4 251.689 #IBTS-Q1
2006 4 5 338.811 #IBTS-Q1
2006 5 1 6822800 #HERAS
2006 5 2 3772300 #HERAS
2006 5 3 1997200 #HERAS
2006 5 4 2097500 #HERAS
2006 5 5 4175100 #HERAS
2006 5 6 618200 #HERAS
2006 5 7 562100 #HERAS
2006 5 8 84300 #HERAS
2006 5 9 70400 #HERAS
2007 1 0 621005 #catch
2007 1 1 235553 #catch
2007 1 2 219115 #catch
2007 1 3 417452 #catch
2007 1 4 285746 #catch
2007 1 5 309454 #catch
2007 1 6 629187 #catch
2007 1 7 147830 #catch
2007 1 8 133388 #catch
2007 1 9 23362 #catch
2007 2 6 160.992 #MLAI
2007 3 0 37.2 #IBTS0
2007 4 1 1321.005 #IBTS-Q1
2007 4 2 50.033 #IBTS-Q1
2007 4 3 18.25 #IBTS-Q1
2007 4 4 7.937 #IBTS-Q1
2007 4 5 41.284 #IBTS-Q1
2007 5 1 6261000 #HERAS
2007 5 2 2750000 #HERAS
2007 5 3 1848000 #HERAS
2007 5 4 898000 #HERAS
2007 5 5 806000 #HERAS
2007 5 6 1323000 #HERAS
2007 5 7 243000 #HERAS
2007 5 8 152000 #HERAS
2007 5 9 65000 #HERAS
2008 1 0 798284 #catch
2008 1 1 235022 #catch
2008 1 2 331772 #catch
2008 1 3 184771 #catch
2008 1 4 199069 #catch
2008 1 5 137529 #catch
2008 1 6 118349 #catch
2008 1 7 215542 #catch
2008 1 8 74339 #catch
2008 1 9 42919 #catch
2008 2 6 180.456 #MLAI
2008 3 0 27.8 #IBTS0
2008 4 1 1815.86 #IBTS-Q1
2008 4 2 232.906 #IBTS-Q1
2008 4 3 146.192 #IBTS-Q1
2008 4 4 202.1 #IBTS-Q1
2008 4 5 232.335 #IBTS-Q1
2008 5 1 3714000 #HERAS
2008 5 2 2853000 #HERAS
2008 5 3 1709000 #HERAS
2008 5 4 1485000 #HERAS
2008 5 5 809000 #HERAS
2008 5 6 712000 #HERAS
2008 5 7 1749000 #HERAS
2008 5 8 185000 #HERAS
2008 5 9 270000 #HERAS
2009 1 0 650043 #catch
2009 1 1 175923 #catch
2009 1 2 259434 #catch
2009 1 3 106738 #catch
2009 1 4 93321 #catch
2009 1 5 86137 #catch
2009 1 6 37951 #catch
2009 1 7 53130 #catch
2009 1 8 110394 #catch
2009 1 9 32737 #catch
2009 2 6 466.652 #MLAI
2009 3 0 95.8 #IBTS0
2009 4 1 2344.155 #IBTS-Q1
2009 4 2 136.269 #IBTS-Q1
2009 4 3 21.459 #IBTS-Q1
2009 4 4 11.223 #IBTS-Q1
2009 4 5 46.427 #IBTS-Q1
2009 5 1 4655000 #HERAS
2009 5 2 5632000 #HERAS
2009 5 3 2553000 #HERAS
2009 5 4 1023000 #HERAS
2009 5 5 1077000 #HERAS
2009 5 6 674000 #HERAS
2009 5 7 638000 #HERAS
2009 5 8 1142000 #HERAS
2009 5 9 578000 #HERAS
2010 3 0 77.1 #IBTS0
2010 4 1 1220.94 #IBTS-Q1
2010 4 2 49.555 #IBTS-Q1
2010 4 3 34.853 #IBTS-Q1
2010 4 4 45.944 #IBTS-Q1
2010 4 5 89.95 #IBTS-Q1
# Proportion mature 
# 0 1 2 3 4 5 6 7 8 9 #   
 0 0 1 1 1 1 1 1 1 1 # 1960 
 0 0 1 1 1 1 1 1 1 1 # 1961 
 0 0 1 1 1 1 1 1 1 1 # 1962 
 0 0 1 1 1 1 1 1 1 1 # 1963 
 0 0 1 1 1 1 1 1 1 1 # 1964 
 0 0 1 1 1 1 1 1 1 1 # 1965 
 0 0 1 1 1 1 1 1 1 1 # 1966 
 0 0 1 1 1 1 1 1 1 1 # 1967 
 0 0 1 1 1 1 1 1 1 1 # 1968 
 0 0 1 1 1 1 1 1 1 1 # 1969 
 0 0 1 1 1 1 1 1 1 1 # 1970 
 0 0 1 1 1 1 1 1 1 1 # 1971 
 0 0 0.82 1 1 1 1 1 1 1 # 1972 
 0 0 0.82 1 1 1 1 1 1 1 # 1973 
 0 0 0.82 1 1 1 1 1 1 1 # 1974 
 0 0 0.82 1 1 1 1 1 1 1 # 1975 
 0 0 0.82 1 1 1 1 1 1 1 # 1976 
 0 0 0.82 1 1 1 1 1 1 1 # 1977 
 0 0 0.82 1 1 1 1 1 1 1 # 1978 
 0 0 0.82 1 1 1 1 1 1 1 # 1979 
 0 0 0.82 1 1 1 1 1 1 1 # 1980 
 0 0 0.82 1 1 1 1 1 1 1 # 1981 
 0 0 0.82 1 1 1 1 1 1 1 # 1982 
 0 0 0.82 1 1 1 1 1 1 1 # 1983 
 0 0 0.82 1 1 1 1 1 1 1 # 1984 
 0 0 0.7 1 1 1 1 1 1 1 # 1985 
 0 0 0.75 1 1 1 1 1 1 1 # 1986 
 0 0 0.8 1 1 1 1 1 1 1 # 1987 
 0 0 0.85 0.93 1 1 1 1 1 1 # 1988 
 0 0 0.82 0.94 1 1 1 1 1 1 # 1989 
 0 0 0.91 0.97 1 1 1 1 1 1 # 1990 
 0 0 0.86 0.99 1 1 1 1 1 1 # 1991 
 0 0 0.5 0.99 1 1 1 1 1 1 # 1992 
 0 0 0.47 0.61 1 1 1 1 1 1 # 1993 
 0 0 0.73 0.93 1 1 1 1 1 1 # 1994 
 0 0 0.67 0.95 1 1 1 1 1 1 # 1995 
 0 0 0.61 0.98 1 1 1 1 1 1 # 1996 
 0 0 0.64 0.94 1 1 1 1 1 1 # 1997 
 0 0 0.64 0.89 1 1 1 1 1 1 # 1998 
 0 0 0.69 0.91 1 1 1 1 1 1 # 1999 
 0 0 0.67 0.96 1 1 1 1 1 1 # 2000 
 0 0 0.77 0.92 1 1 1 1 1 1 # 2001 
 0 0 0.87 0.97 1 1 1 1 1 1 # 2002 
 0 0 0.43 0.93 1 1 1 1 1 1 # 2003 
 0 0 0.7 0.65 1 1 1 1 1 1 # 2004 
 0 0 0.76 0.96 0.96 1 1 1 1 1 # 2005 
 0 0 0.66 0.88 0.98 1 1 1 1 1 # 2006 
 0 0 0.71 0.92 0.93 1 1 1 1 1 # 2007 
 0 0 0.86 0.98 0.99 1 1 1 1 1 # 2008 
 0 0 0.89 1 1 1 1 1 1 1 # 2009 
 0 0 0.45 0.9 1 1 1 1 1 1 # 2010 
# Stock mean weights 
# 0 1 2 3 4 5 6 7 8 9 #   
 0.015 0.05 0.155 0.187 0.223 0.239 0.276 0.299 0.306 0.312 # 1960 
 0.015 0.05 0.155 0.187 0.223 0.239 0.276 0.299 0.306 0.312 # 1961 
 0.015 0.05 0.155 0.187 0.223 0.239 0.276 0.299 0.306 0.312 # 1962 
 0.015 0.05 0.155 0.187 0.223 0.239 0.276 0.299 0.306 0.312 # 1963 
 0.015 0.05 0.155 0.187 0.223 0.239 0.276 0.299 0.306 0.312 # 1964 
 0.015 0.05 0.155 0.187 0.223 0.239 0.276 0.299 0.306 0.312 # 1965 
 0.015 0.05 0.155 0.187 0.223 0.239 0.276 0.299 0.306 0.312 # 1966 
 0.015 0.05 0.155 0.187 0.223 0.239 0.276 0.299 0.306 0.312 # 1967 
 0.015 0.05 0.155 0.187 0.223 0.239 0.276 0.299 0.306 0.312 # 1968 
 0.015 0.05 0.155 0.187 0.223 0.239 0.276 0.299 0.306 0.312 # 1969 
 0.015 0.05 0.155 0.187 0.223 0.239 0.276 0.299 0.306 0.312 # 1970 
 0.015 0.05 0.155 0.187 0.223 0.239 0.276 0.299 0.306 0.312 # 1971 
 0.015 0.05 0.155 0.187 0.223 0.239 0.276 0.299 0.306 0.312 # 1972 
 0.015 0.05 0.155 0.187 0.223 0.239 0.276 0.299 0.306 0.312 # 1973 
 0.015 0.05 0.155 0.187 0.223 0.239 0.276 0.299 0.306 0.312 # 1974 
 0.015 0.05 0.155 0.187 0.223 0.239 0.276 0.299 0.306 0.312 # 1975 
 0.015 0.05 0.155 0.187 0.223 0.239 0.276 0.299 0.306 0.312 # 1976 
 0.015 0.05 0.155 0.187 0.223 0.239 0.276 0.299 0.306 0.312 # 1977 
 0.015 0.05 0.155 0.187 0.223 0.239 0.276 0.299 0.306 0.312 # 1978 
 0.015 0.05 0.155 0.187 0.223 0.239 0.276 0.299 0.306 0.312 # 1979 
 0.015 0.05 0.155 0.187 0.223 0.239 0.276 0.299 0.306 0.312 # 1980 
 0.015 0.05 0.155 0.187 0.223 0.239 0.276 0.299 0.306 0.312 # 1981 
 0.015 0.05 0.155 0.187 0.223 0.239 0.276 0.299 0.306 0.312 # 1982 
 0.017 0.057 0.15 0.19 0.23 0.243 0.282 0.311 0.338 0.347 # 1983 
 0.016 0.056 0.138 0.187 0.232 0.247 0.275 0.321 0.341 0.365 # 1984 
 0.014 0.061 0.13 0.183 0.232 0.252 0.273 0.315 0.331 0.392 # 1985 
 0.009 0.05 0.122 0.17 0.212 0.23 0.242 0.275 0.268 0.343 # 1986 
 0.008 0.048 0.123 0.166 0.208 0.229 0.248 0.259 0.263 0.325 # 1987 
 0.009 0.044 0.122 0.165 0.205 0.228 0.252 0.261 0.277 0.315 # 1988 
 0.012 0.052 0.126 0.174 0.212 0.244 0.271 0.284 0.298 0.331 # 1989 
 0.011 0.059 0.139 0.184 0.212 0.239 0.265 0.28 0.3 0.328 # 1990 
 0.01 0.064 0.137 0.194 0.214 0.234 0.253 0.272 0.291 0.312 # 1991 
 0.006 0.061 0.134 0.184 0.213 0.234 0.262 0.273 0.302 0.32 # 1992 
 0.007 0.06 0.126 0.192 0.214 0.24 0.275 0.291 0.309 0.337 # 1993 
 0.006 0.057 0.129 0.186 0.211 0.224 0.268 0.293 0.318 0.345 # 1994 
 0.006 0.054 0.13 0.199 0.227 0.234 0.274 0.301 0.323 0.343 # 1995 
 0.005 0.049 0.123 0.183 0.23 0.237 0.257 0.28 0.303 0.334 # 1996 
 0.006 0.047 0.116 0.187 0.241 0.264 0.284 0.287 0.301 0.342 # 1997 
 0.006 0.051 0.116 0.179 0.226 0.256 0.273 0.276 0.27 0.318 # 1998 
 0.006 0.051 0.116 0.184 0.221 0.248 0.279 0.286 0.281 0.303 # 1999 
 0.006 0.051 0.122 0.172 0.21 0.233 0.255 0.275 0.274 0.28 # 2000 
 0.006 0.047 0.128 0.172 0.205 0.228 0.248 0.27 0.289 0.275 # 2001 
 0.007 0.047 0.123 0.173 0.202 0.222 0.242 0.266 0.285 0.283 # 2002 
 0.007 0.042 0.119 0.165 0.203 0.223 0.248 0.268 0.283 0.275 # 2003 
 0.006 0.041 0.118 0.164 0.198 0.225 0.248 0.265 0.281 0.291 # 2004 
 0.007 0.041 0.126 0.155 0.191 0.216 0.242 0.252 0.266 0.277 # 2005 
 0.006 0.051 0.128 0.161 0.18 0.207 0.224 0.238 0.255 0.264 # 2006 
 0.008 0.055 0.125 0.156 0.18 0.196 0.212 0.23 0.245 0.249 # 2007 
 0.008 0.058 0.13 0.164 0.181 0.195 0.218 0.226 0.253 0.26 # 2008 
 0.007 0.061 0.137 0.181 0.197 0.21 0.223 0.234 0.255 0.259 # 2009 
 0.007 0.052 0.142 0.19 0.216 0.224 0.234 0.24 0.256 0.265 # 2010 
# Catch mean weights 
# 0 1 2 3 4 5 6 7 8 9 #   
 0.015 0.05 0.126 0.176 0.211 0.243 0.251 0.267 0.271 0.271 # 1960 
 0.015 0.05 0.126 0.176 0.211 0.243 0.251 0.267 0.271 0.271 # 1961 
 0.015 0.05 0.126 0.176 0.211 0.243 0.251 0.267 0.271 0.271 # 1962 
 0.015 0.05 0.126 0.176 0.211 0.243 0.251 0.267 0.271 0.271 # 1963 
 0.015 0.05 0.126 0.176 0.211 0.243 0.251 0.267 0.271 0.271 # 1964 
 0.015 0.05 0.126 0.176 0.211 0.243 0.251 0.267 0.271 0.271 # 1965 
 0.015 0.05 0.126 0.176 0.211 0.243 0.251 0.267 0.271 0.271 # 1966 
 0.015 0.05 0.126 0.176 0.211 0.243 0.251 0.267 0.271 0.271 # 1967 
 0.015 0.05 0.126 0.176 0.211 0.243 0.251 0.267 0.271 0.271 # 1968 
 0.015 0.05 0.126 0.176 0.211 0.243 0.251 0.267 0.271 0.271 # 1969 
 0.015 0.05 0.126 0.176 0.211 0.243 0.251 0.267 0.271 0.271 # 1970 
 0.015 0.05 0.126 0.176 0.211 0.243 0.251 0.267 0.271 0.271 # 1971 
 0.015 0.05 0.126 0.176 0.211 0.243 0.251 0.267 0.271 0.271 # 1972 
 0.015 0.05 0.126 0.176 0.211 0.243 0.251 0.267 0.271 0.271 # 1973 
 0.015 0.05 0.126 0.176 0.211 0.243 0.251 0.267 0.271 0.271 # 1974 
 0.015 0.05 0.126 0.176 0.211 0.243 0.251 0.267 0.271 0.271 # 1975 
 0.015 0.05 0.126 0.176 0.211 0.243 0.251 0.267 0.271 0.271 # 1976 
 0.015 0.05 0.126 0.176 0.211 0.243 0.251 0.267 0.271 0 # 1977 
 0.015 0.05 0.126 0.176 0.211 0.243 0.251 0.267 0.271 0.271 # 1978 
 0.015 0.05 0.126 0.176 0.211 0.243 0.251 0.267 0.271 0.271 # 1979 
 0.015 0.05 0.126 0.176 0.211 0.243 0.251 0.267 0.271 0.271 # 1980 
 0.007 0.049 0.118 0.142 0.189 0.211 0.222 0.267 0.271 0.271 # 1981 
 0.01 0.059 0.118 0.149 0.179 0.217 0.238 0.265 0.274 0.275 # 1982 
 0.01 0.059 0.118 0.149 0.179 0.217 0.238 0.265 0.274 0.275 # 1983 
 0.01 0.059 0.118 0.149 0.179 0.217 0.238 0.265 0.274 0.275 # 1984 
 0.009 0.036 0.128 0.164 0.194 0.211 0.22 0.258 0.27 0.292 # 1985 
 0.006 0.067 0.121 0.153 0.182 0.208 0.221 0.238 0.252 0.262 # 1986 
 0.011 0.035 0.099 0.15 0.18 0.211 0.234 0.258 0.277 0.299 # 1987 
 0.011 0.055 0.111 0.145 0.174 0.197 0.216 0.237 0.253 0.263 # 1988 
 0.017 0.043 0.115 0.153 0.173 0.208 0.231 0.247 0.265 0.259 # 1989 
 0.019 0.055 0.114 0.149 0.177 0.193 0.229 0.236 0.25 0.287 # 1990 
 0.017 0.058 0.13 0.166 0.184 0.203 0.217 0.235 0.259 0.271 # 1991 
 0.01 0.053 0.102 0.175 0.189 0.207 0.223 0.237 0.249 0.287 # 1992 
 0.01 0.033 0.115 0.145 0.189 0.204 0.228 0.244 0.256 0.31 # 1993 
 0.006 0.056 0.13 0.159 0.181 0.214 0.24 0.255 0.273 0.281 # 1994 
 0.009 0.042 0.13 0.169 0.198 0.207 0.243 0.247 0.283 0.276 # 1995 
 0.015 0.018 0.112 0.156 0.188 0.204 0.212 0.261 0.28 0.288 # 1996 
 0.015 0.044 0.108 0.148 0.195 0.227 0.226 0.235 0.244 0.291 # 1997 
 0.021 0.051 0.114 0.145 0.183 0.219 0.238 0.247 0.289 0.283 # 1998 
 0.009 0.045 0.115 0.151 0.171 0.207 0.233 0.245 0.261 0.301 # 1999 
 0.015 0.033 0.113 0.157 0.179 0.201 0.216 0.246 0.275 0.262 # 2000 
 0.012 0.048 0.118 0.149 0.177 0.198 0.213 0.238 0.267 0.288 # 2001 
 0.012 0.037 0.118 0.153 0.17 0.199 0.214 0.228 0.25 0.252 # 2002 
 0.014 0.037 0.104 0.158 0.174 0.184 0.205 0.222 0.232 0.256 # 2003 
 0.014 0.036 0.1 0.138 0.183 0.201 0.216 0.228 0.246 0.272 # 2004 
 0.011 0.044 0.099 0.153 0.166 0.208 0.223 0.24 0.257 0.278 # 2005 
 0.01 0.049 0.117 0.144 0.172 0.181 0.22 0.237 0.235 0.262 # 2006 
 0.0124 0.0638 0.1214 0.1513 0.1634 0.1933 0.19 0.2232 0.2349 0.2523 # 2007 
 0.0079 0.0535 0.1288 0.1796 0.1812 0.1832 0.2157 0.2161 0.256 0.2726 # 2008 
 0.0094 0.0514 0.144 0.1811 0.2158 0.2162 0.239 0.2428 0.2476 0.2724 # 2009 
 0.0075 0.0571 0.1292 0.1669 0.1912 0.2203 0.2193 0.216 0.2334 0.2438 # 2010 
# Natural Mortality 
# 0 1 2 3 4 5 6 7 8 9 #   
 1 1 0.3 0.2 0.1 0.1 0.1 0.1 0.1 0.1 # 1960 
 1 1 0.3 0.2 0.1 0.1 0.1 0.1 0.1 0.1 # 1961 
 1 1 0.3 0.2 0.1 0.1 0.1 0.1 0.1 0.1 # 1962 
 1 1 0.3 0.2 0.1 0.1 0.1 0.1 0.1 0.1 # 1963 
 1 1 0.3 0.2 0.1 0.1 0.1 0.1 0.1 0.1 # 1964 
 1 1 0.3 0.2 0.1 0.1 0.1 0.1 0.1 0.1 # 1965 
 1 1 0.3 0.2 0.1 0.1 0.1 0.1 0.1 0.1 # 1966 
 1 1 0.3 0.2 0.1 0.1 0.1 0.1 0.1 0.1 # 1967 
 1 1 0.3 0.2 0.1 0.1 0.1 0.1 0.1 0.1 # 1968 
 1 1 0.3 0.2 0.1 0.1 0.1 0.1 0.1 0.1 # 1969 
 1 1 0.3 0.2 0.1 0.1 0.1 0.1 0.1 0.1 # 1970 
 1 1 0.3 0.2 0.1 0.1 0.1 0.1 0.1 0.1 # 1971 
 1 1 0.3 0.2 0.1 0.1 0.1 0.1 0.1 0.1 # 1972 
 1 1 0.3 0.2 0.1 0.1 0.1 0.1 0.1 0.1 # 1973 
 1 1 0.3 0.2 0.1 0.1 0.1 0.1 0.1 0.1 # 1974 
 1 1 0.3 0.2 0.1 0.1 0.1 0.1 0.1 0.1 # 1975 
 1 1 0.3 0.2 0.1 0.1 0.1 0.1 0.1 0.1 # 1976 
 1 1 0.3 0.2 0.1 0.1 0.1 0.1 0.1 0.1 # 1977 
 1 1 0.3 0.2 0.1 0.1 0.1 0.1 0.1 0.1 # 1978 
 1 1 0.3 0.2 0.1 0.1 0.1 0.1 0.1 0.1 # 1979 
 1 1 0.3 0.2 0.1 0.1 0.1 0.1 0.1 0.1 # 1980 
 1 1 0.3 0.2 0.1 0.1 0.1 0.1 0.1 0.1 # 1981 
 1 1 0.3 0.2 0.1 0.1 0.1 0.1 0.1 0.1 # 1982 
 1 1 0.3 0.2 0.1 0.1 0.1 0.1 0.1 0.1 # 1983 
 1 1 0.3 0.2 0.1 0.1 0.1 0.1 0.1 0.1 # 1984 
 1 1 0.3 0.2 0.1 0.1 0.1 0.1 0.1 0.1 # 1985 
 1 1 0.3 0.2 0.1 0.1 0.1 0.1 0.1 0.1 # 1986 
 1 1 0.3 0.2 0.1 0.1 0.1 0.1 0.1 0.1 # 1987 
 1 1 0.3 0.2 0.1 0.1 0.1 0.1 0.1 0.1 # 1988 
 1 1 0.3 0.2 0.1 0.1 0.1 0.1 0.1 0.1 # 1989 
 1 1 0.3 0.2 0.1 0.1 0.1 0.1 0.1 0.1 # 1990 
 1 1 0.3 0.2 0.1 0.1 0.1 0.1 0.1 0.1 # 1991 
 1 1 0.3 0.2 0.1 0.1 0.1 0.1 0.1 0.1 # 1992 
 1 1 0.3 0.2 0.1 0.1 0.1 0.1 0.1 0.1 # 1993 
 1 1 0.3 0.2 0.1 0.1 0.1 0.1 0.1 0.1 # 1994 
 1 1 0.3 0.2 0.1 0.1 0.1 0.1 0.1 0.1 # 1995 
 1 1 0.3 0.2 0.1 0.1 0.1 0.1 0.1 0.1 # 1996 
 1 1 0.3 0.2 0.1 0.1 0.1 0.1 0.1 0.1 # 1997 
 1 1 0.3 0.2 0.1 0.1 0.1 0.1 0.1 0.1 # 1998 
 1 1 0.3 0.2 0.1 0.1 0.1 0.1 0.1 0.1 # 1999 
 1 1 0.3 0.2 0.1 0.1 0.1 0.1 0.1 0.1 # 2000 
 1 1 0.3 0.2 0.1 0.1 0.1 0.1 0.1 0.1 # 2001 
 1 1 0.3 0.2 0.1 0.1 0.1 0.1 0.1 0.1 # 2002 
 1 1 0.3 0.2 0.1 0.1 0.1 0.1 0.1 0.1 # 2003 
 1 1 0.3 0.2 0.1 0.1 0.1 0.1 0.1 0.1 # 2004 
 1 1 0.3 0.2 0.1 0.1 0.1 0.1 0.1 0.1 # 2005 
 1 1 0.3 0.2 0.1 0.1 0.1 0.1 0.1 0.1 # 2006 
 1 1 0.3 0.2 0.1 0.1 0.1 0.1 0.1 0.1 # 2007 
 1 1 0.3 0.2 0.1 0.1 0.1 0.1 0.1 0.1 # 2008 
 1 1 0.3 0.2 0.1 0.1 0.1 0.1 0.1 0.1 # 2009 
 1 1 0.3 0.2 0.1 0.1 0.1 0.1 0.1 0.1 # 2010 
# Landing Fraction L/(L+D) 
# 0 1 2 3 4 5 6 7 8 9 #   
 1 1 1 1 1 1 1 1 1 1 # 1960 
 1 1 1 1 1 1 1 1 1 1 # 1961 
 1 1 1 1 1 1 1 1 1 1 # 1962 
 1 1 1 1 1 1 1 1 1 1 # 1963 
 1 1 1 1 1 1 1 1 1 1 # 1964 
 1 1 1 1 1 1 1 1 1 1 # 1965 
 1 1 1 1 1 1 1 1 1 1 # 1966 
 1 1 1 1 1 1 1 1 1 1 # 1967 
 1 1 1 1 1 1 1 1 1 1 # 1968 
 1 1 1 1 1 1 1 1 1 1 # 1969 
 1 1 1 1 1 1 1 1 1 1 # 1970 
 1 1 1 1 1 1 1 1 1 1 # 1971 
 1 1 1 1 1 1 1 1 1 1 # 1972 
 1 1 1 1 1 1 1 1 1 1 # 1973 
 1 1 1 1 1 1 1 1 1 1 # 1974 
 1 1 1 1 1 1 1 1 1 1 # 1975 
 1 1 1 1 1 1 1 1 1 1 # 1976 
 1 1 1 1 1 1 1 1 1 1 # 1977 
 1 1 1 1 1 1 1 1 1 1 # 1978 
 1 1 1 1 1 1 1 1 1 1 # 1979 
 1 1 1 1 1 1 1 1 1 1 # 1980 
 1 1 1 1 1 1 1 1 1 1 # 1981 
 1 1 1 1 1 1 1 1 1 1 # 1982 
 1 1 1 1 1 1 1 1 1 1 # 1983 
 1 1 1 1 1 1 1 1 1 1 # 1984 
 1 1 1 1 1 1 1 1 1 1 # 1985 
 1 1 1 1 1 1 1 1 1 1 # 1986 
 1 1 1 1 1 1 1 1 1 1 # 1987 
 1 1 1 1 1 1 1 1 1 1 # 1988 
 1 1 1 1 1 1 1 1 1 1 # 1989 
 1 1 1 1 1 1 1 1 1 1 # 1990 
 1 1 1 1 1 1 1 1 1 1 # 1991 
 1 1 1 1 1 1 1 1 1 1 # 1992 
 1 1 1 1 1 1 1 1 1 1 # 1993 
 1 1 1 1 1 1 1 1 1 1 # 1994 
 1 1 1 1 1 1 1 1 1 1 # 1995 
 1 1 1 1 1 1 1 1 1 1 # 1996 
 1 1 1 1 1 1 1 1 1 1 # 1997 
 1 1 1 1 1 1 1 1 1 1 # 1998 
 1 1 1 1 1 1 1 1 1 1 # 1999 
 1 1 1 1 1 1 1 1 1 1 # 2000 
 1 1 1 1 1 1 1 1 1 1 # 2001 
 1 1 1 1 1 1 1 1 1 1 # 2002 
 1 1 1 1 1 1 1 1 1 1 # 2003 
 1 1 1 1 1 1 1 1 1 1 # 2004 
 1 1 1 1 1 1 1 1 1 1 # 2005 
 1 1 1 1 1 1 1 1 1 1 # 2006 
 1 1 1 1 1 1 1 1 1 1 # 2007 
 1 1 1 1 1 1 1 1 1 1 # 2008 
 1 1 1 1 1 1 1 1 1 1 # 2009 
 1 1 1 1 1 1 1 1 1 1 # 2010 
# Fprop 
# 0 1 2 3 4 5 6 7 8 9 #   
 0.67 0.67 0.67 0.67 0.67 0.67 0.67 0.67 0.67 0.67 # 1960 
 0.67 0.67 0.67 0.67 0.67 0.67 0.67 0.67 0.67 0.67 # 1961 
 0.67 0.67 0.67 0.67 0.67 0.67 0.67 0.67 0.67 0.67 # 1962 
 0.67 0.67 0.67 0.67 0.67 0.67 0.67 0.67 0.67 0.67 # 1963 
 0.67 0.67 0.67 0.67 0.67 0.67 0.67 0.67 0.67 0.67 # 1964 
 0.67 0.67 0.67 0.67 0.67 0.67 0.67 0.67 0.67 0.67 # 1965 
 0.67 0.67 0.67 0.67 0.67 0.67 0.67 0.67 0.67 0.67 # 1966 
 0.67 0.67 0.67 0.67 0.67 0.67 0.67 0.67 0.67 0.67 # 1967 
 0.67 0.67 0.67 0.67 0.67 0.67 0.67 0.67 0.67 0.67 # 1968 
 0.67 0.67 0.67 0.67 0.67 0.67 0.67 0.67 0.67 0.67 # 1969 
 0.67 0.67 0.67 0.67 0.67 0.67 0.67 0.67 0.67 0.67 # 1970 
 0.67 0.67 0.67 0.67 0.67 0.67 0.67 0.67 0.67 0.67 # 1971 
 0.67 0.67 0.67 0.67 0.67 0.67 0.67 0.67 0.67 0.67 # 1972 
 0.67 0.67 0.67 0.67 0.67 0.67 0.67 0.67 0.67 0.67 # 1973 
 0.67 0.67 0.67 0.67 0.67 0.67 0.67 0.67 0.67 0.67 # 1974 
 0.67 0.67 0.67 0.67 0.67 0.67 0.67 0.67 0.67 0.67 # 1975 
 0.67 0.67 0.67 0.67 0.67 0.67 0.67 0.67 0.67 0.67 # 1976 
 0.67 0.67 0.67 0.67 0.67 0.67 0.67 0.67 0.67 0.67 # 1977 
 0.67 0.67 0.67 0.67 0.67 0.67 0.67 0.67 0.67 0.67 # 1978 
 0.67 0.67 0.67 0.67 0.67 0.67 0.67 0.67 0.67 0.67 # 1979 
 0.67 0.67 0.67 0.67 0.67 0.67 0.67 0.67 0.67 0.67 # 1980 
 0.67 0.67 0.67 0.67 0.67 0.67 0.67 0.67 0.67 0.67 # 1981 
 0.67 0.67 0.67 0.67 0.67 0.67 0.67 0.67 0.67 0.67 # 1982 
 0.67 0.67 0.67 0.67 0.67 0.67 0.67 0.67 0.67 0.67 # 1983 
 0.67 0.67 0.67 0.67 0.67 0.67 0.67 0.67 0.67 0.67 # 1984 
 0.67 0.67 0.67 0.67 0.67 0.67 0.67 0.67 0.67 0.67 # 1985 
 0.67 0.67 0.67 0.67 0.67 0.67 0.67 0.67 0.67 0.67 # 1986 
 0.67 0.67 0.67 0.67 0.67 0.67 0.67 0.67 0.67 0.67 # 1987 
 0.67 0.67 0.67 0.67 0.67 0.67 0.67 0.67 0.67 0.67 # 1988 
 0.67 0.67 0.67 0.67 0.67 0.67 0.67 0.67 0.67 0.67 # 1989 
 0.67 0.67 0.67 0.67 0.67 0.67 0.67 0.67 0.67 0.67 # 1990 
 0.67 0.67 0.67 0.67 0.67 0.67 0.67 0.67 0.67 0.67 # 1991 
 0.67 0.67 0.67 0.67 0.67 0.67 0.67 0.67 0.67 0.67 # 1992 
 0.67 0.67 0.67 0.67 0.67 0.67 0.67 0.67 0.67 0.67 # 1993 
 0.67 0.67 0.67 0.67 0.67 0.67 0.67 0.67 0.67 0.67 # 1994 
 0.67 0.67 0.67 0.67 0.67 0.67 0.67 0.67 0.67 0.67 # 1995 
 0.67 0.67 0.67 0.67 0.67 0.67 0.67 0.67 0.67 0.67 # 1996 
 0.67 0.67 0.67 0.67 0.67 0.67 0.67 0.67 0.67 0.67 # 1997 
 0.67 0.67 0.67 0.67 0.67 0.67 0.67 0.67 0.67 0.67 # 1998 
 0.67 0.67 0.67 0.67 0.67 0.67 0.67 0.67 0.67 0.67 # 1999 
 0.67 0.67 0.67 0.67 0.67 0.67 0.67 0.67 0.67 0.67 # 2000 
 0.67 0.67 0.67 0.67 0.67 0.67 0.67 0.67 0.67 0.67 # 2001 
 0.67 0.67 0.67 0.67 0.67 0.67 0.67 0.67 0.67 0.67 # 2002 
 0.67 0.67 0.67 0.67 0.67 0.67 0.67 0.67 0.67 0.67 # 2003 
 0.67 0.67 0.67 0.67 0.67 0.67 0.67 0.67 0.67 0.67 # 2004 
 0.67 0.67 0.67 0.67 0.67 0.67 0.67 0.67 0.67 0.67 # 2005 
 0.67 0.67 0.67 0.67 0.67 0.67 0.67 0.67 0.67 0.67 # 2006 
 0.67 0.67 0.67 0.67 0.67 0.67 0.67 0.67 0.67 0.67 # 2007 
 0.67 0.67 0.67 0.67 0.67 0.67 0.67 0.67 0.67 0.67 # 2008 
 0.67 0.67 0.67 0.67 0.67 0.67 0.67 0.67 0.67 0.67 # 2009 
 0.67 0.67 0.67 0.67 0.67 0.67 0.67 0.67 0.67 0.67 # 2010 
# Mprop 
# 0 1 2 3 4 5 6 7 8 9 #   
 0.67 0.67 0.67 0.67 0.67 0.67 0.67 0.67 0.67 0.67 # 1960 
 0.67 0.67 0.67 0.67 0.67 0.67 0.67 0.67 0.67 0.67 # 1961 
 0.67 0.67 0.67 0.67 0.67 0.67 0.67 0.67 0.67 0.67 # 1962 
 0.67 0.67 0.67 0.67 0.67 0.67 0.67 0.67 0.67 0.67 # 1963 
 0.67 0.67 0.67 0.67 0.67 0.67 0.67 0.67 0.67 0.67 # 1964 
 0.67 0.67 0.67 0.67 0.67 0.67 0.67 0.67 0.67 0.67 # 1965 
 0.67 0.67 0.67 0.67 0.67 0.67 0.67 0.67 0.67 0.67 # 1966 
 0.67 0.67 0.67 0.67 0.67 0.67 0.67 0.67 0.67 0.67 # 1967 
 0.67 0.67 0.67 0.67 0.67 0.67 0.67 0.67 0.67 0.67 # 1968 
 0.67 0.67 0.67 0.67 0.67 0.67 0.67 0.67 0.67 0.67 # 1969 
 0.67 0.67 0.67 0.67 0.67 0.67 0.67 0.67 0.67 0.67 # 1970 
 0.67 0.67 0.67 0.67 0.67 0.67 0.67 0.67 0.67 0.67 # 1971 
 0.67 0.67 0.67 0.67 0.67 0.67 0.67 0.67 0.67 0.67 # 1972 
 0.67 0.67 0.67 0.67 0.67 0.67 0.67 0.67 0.67 0.67 # 1973 
 0.67 0.67 0.67 0.67 0.67 0.67 0.67 0.67 0.67 0.67 # 1974 
 0.67 0.67 0.67 0.67 0.67 0.67 0.67 0.67 0.67 0.67 # 1975 
 0.67 0.67 0.67 0.67 0.67 0.67 0.67 0.67 0.67 0.67 # 1976 
 0.67 0.67 0.67 0.67 0.67 0.67 0.67 0.67 0.67 0.67 # 1977 
 0.67 0.67 0.67 0.67 0.67 0.67 0.67 0.67 0.67 0.67 # 1978 
 0.67 0.67 0.67 0.67 0.67 0.67 0.67 0.67 0.67 0.67 # 1979 
 0.67 0.67 0.67 0.67 0.67 0.67 0.67 0.67 0.67 0.67 # 1980 
 0.67 0.67 0.67 0.67 0.67 0.67 0.67 0.67 0.67 0.67 # 1981 
 0.67 0.67 0.67 0.67 0.67 0.67 0.67 0.67 0.67 0.67 # 1982 
 0.67 0.67 0.67 0.67 0.67 0.67 0.67 0.67 0.67 0.67 # 1983 
 0.67 0.67 0.67 0.67 0.67 0.67 0.67 0.67 0.67 0.67 # 1984 
 0.67 0.67 0.67 0.67 0.67 0.67 0.67 0.67 0.67 0.67 # 1985 
 0.67 0.67 0.67 0.67 0.67 0.67 0.67 0.67 0.67 0.67 # 1986 
 0.67 0.67 0.67 0.67 0.67 0.67 0.67 0.67 0.67 0.67 # 1987 
 0.67 0.67 0.67 0.67 0.67 0.67 0.67 0.67 0.67 0.67 # 1988 
 0.67 0.67 0.67 0.67 0.67 0.67 0.67 0.67 0.67 0.67 # 1989 
 0.67 0.67 0.67 0.67 0.67 0.67 0.67 0.67 0.67 0.67 # 1990 
 0.67 0.67 0.67 0.67 0.67 0.67 0.67 0.67 0.67 0.67 # 1991 
 0.67 0.67 0.67 0.67 0.67 0.67 0.67 0.67 0.67 0.67 # 1992 
 0.67 0.67 0.67 0.67 0.67 0.67 0.67 0.67 0.67 0.67 # 1993 
 0.67 0.67 0.67 0.67 0.67 0.67 0.67 0.67 0.67 0.67 # 1994 
 0.67 0.67 0.67 0.67 0.67 0.67 0.67 0.67 0.67 0.67 # 1995 
 0.67 0.67 0.67 0.67 0.67 0.67 0.67 0.67 0.67 0.67 # 1996 
 0.67 0.67 0.67 0.67 0.67 0.67 0.67 0.67 0.67 0.67 # 1997 
 0.67 0.67 0.67 0.67 0.67 0.67 0.67 0.67 0.67 0.67 # 1998 
 0.67 0.67 0.67 0.67 0.67 0.67 0.67 0.67 0.67 0.67 # 1999 
 0.67 0.67 0.67 0.67 0.67 0.67 0.67 0.67 0.67 0.67 # 2000 
 0.67 0.67 0.67 0.67 0.67 0.67 0.67 0.67 0.67 0.67 # 2001 
 0.67 0.67 0.67 0.67 0.67 0.67 0.67 0.67 0.67 0.67 # 2002 
 0.67 0.67 0.67 0.67 0.67 0.67 0.67 0.67 0.67 0.67 # 2003 
 0.67 0.67 0.67 0.67 0.67 0.67 0.67 0.67 0.67 0.67 # 2004 
 0.67 0.67 0.67 0.67 0.67 0.67 0.67 0.67 0.67 0.67 # 2005 
 0.67 0.67 0.67 0.67 0.67 0.67 0.67 0.67 0.67 0.67 # 2006 
 0.67 0.67 0.67 0.67 0.67 0.67 0.67 0.67 0.67 0.67 # 2007 
 0.67 0.67 0.67 0.67 0.67 0.67 0.67 0.67 0.67 0.67 # 2008 
 0.67 0.67 0.67 0.67 0.67 0.67 0.67 0.67 0.67 0.67 # 2009 
 0.67 0.67 0.67 0.67 0.67 0.67 0.67 0.67 0.67 0.67 # 2010 
# Checksums to ensure correct reading of input data 
 42 42 
