Catch in Numbers (thousands)
1 2
1961 2011
1 8
1
   4541   11471   2629   12427   239   478   1195   2151
   381   12296   7340   1811   5433   191   191   667
   4837   9441   2341   2887   2263   2263   546   624
   1508   18095   4346   710   532   710   0   177
   846   27077   8180   987   705   987   423   705
   940   15048   15635   1999   118   353   118   0
   4440   40922   5598   4633   1351   0   0   0
   1020   30181   13459   4079   816   612   0   0
   1321   42799   16908   12681   1321   2642   528   0
   5605   31177   33630   16465   12611   1752   2102   1051
    12168   66921   31940   29405   5070   3549   1014   1014
      40640       46660       26950       13180       13750        6760        2660        1670
       42150       32740       38240       11490        6920        5070        2590        2600
       43250      109550       39750       24510       10650        4990        5150        1630
       33330       48240       39410       10840        7870        4210        2090        1640
       34740       56160       20780       15220        4580        2810        2420        1270
       30280       39040       22690        6750        4520        1460         910        1120
       15540       36950       13410        6780        1740        1340         670         350
       11770       38270       23490        4250        2200        1050         400         290
        5840       25760       19510        8520        1980         910         360         230
        5050       15790        3200        2790        2300         330         290         240
        5100       16030        5670        2150         330        1110         140         380
        1305       12162        5598        2820         445         484         255          59
        1168        8424        7237        3841        2221         380         229         479
        2429       10050       17336       13287        7206        2651         667         724
        4491       15266        7462        8550        4528        3198        1464         877
        2225       12981        6146        2998        4180        2777        2328        1671
        2607       21250       13343        7159        4610        5084        3232        4213
        1156        6385       12039        4708        1876        1255        1559        1956
        2313       12835        5726        9697        3598        1661        1042        1615
        1999        9754        6743        2833        5068        1493         719         815
       12145        6885        6744        6690        3256        5122        1036         392
         646       14636        3008        3017        2903        1606        2181         848
        1970        7002       12165        1826        2566        2104        1278        1991
        3204       21330        3391        5269        1199        1154         926        1452
        5335       17529        9761        1160        3603         780         961        1364
        9551       21387        7562        7341        1641        2281         840        1432
        3069       11879        3875        4450        6674        1030        2049         451
        1810       16929        5936        1566        1477        1989         444         622
        1221        3743        5873        2065         558         347         251         147 
        2713       11473        7151       13050        3386         936         650         803
         179        9021        1894        1866        2395         953         474         337  
         694        4694        3345        2559         882        2945         872         605
        3225        8833        5405        2161         623         213         673         127
        8692       13980       10555        3287        1422         415         292         368
        5669       15253        8198        6318        1325         605         262         246
       20290       18291        4980        1655        1062         325         122         111
        8939       18974        7487        2696        2082        1761         328         216
        NA NA NA NA NA NA NA NA
        9588       17627        6679        6201        3200         925         370         185
        7454       17598        8984        3982        3671        1751         690         425