Mean Weight in Stock (kilograms)
1 4
1957 2011
1 9
1
    0.120   0.169   0.120   0.236   0.260   0.273   0.283   0.290   0.296
    0.120   0.169   0.120   0.236   0.260   0.273   0.283   0.290   0.296
    0.120   0.169   0.120   0.236   0.260   0.273   0.283   0.290   0.296
    0.120   0.169   0.120   0.236   0.260   0.273   0.283   0.290   0.296
    0.120   0.169   0.120   0.236   0.260   0.273   0.283   0.290   0.296
    0.120   0.169   0.120   0.236   0.260   0.273   0.283   0.290   0.296
    0.120   0.169   0.120   0.236   0.260   0.273   0.283   0.290   0.296
    0.120   0.169   0.120   0.236   0.260   0.273   0.283   0.290   0.296
    0.120   0.169   0.120   0.236   0.260   0.273   0.283   0.290   0.296
    0.120   0.169   0.120   0.236   0.260   0.273   0.283   0.290   0.296
    0.120   0.169   0.120   0.236   0.260   0.273   0.283   0.290   0.296
    0.120   0.169   0.120   0.236   0.260   0.273   0.283   0.290   0.296
    0.120   0.169   0.120   0.236   0.260   0.273   0.283   0.290   0.296
    0.120   0.169   0.210   0.236   0.260   0.273   0.283   0.290   0.296
    0.120   0.169   0.120   0.236   0.260   0.273   0.283   0.290   0.296
    0.120   0.169   0.120   0.236   0.260   0.273   0.283   0.290   0.296
    0.120   0.169   0.120   0.236   0.260   0.273   0.283   0.290   0.296
    0.120   0.169   0.120   0.236   0.260   0.273   0.283   0.290   0.296
    0.120   0.169   0.120   0.236   0.260   0.273   0.283   0.290   0.296
    0.120   0.169   0.120   0.236   0.260   0.273   0.283   0.290   0.296
    0.120   0.169   0.120   0.236   0.260   0.273   0.283   0.290   0.296
    0.120   0.169   0.120   0.236   0.260   0.273   0.283   0.290   0.296
    0.120   0.169   0.120   0.236   0.260   0.273   0.283   0.290   0.296
    0.120   0.169   0.120   0.236   0.260   0.273   0.283   0.290   0.296
    0.120   0.169   0.120   0.236   0.260   0.273   0.283   0.290   0.296
    0.120   0.169   0.120   0.236   0.260   0.273   0.283   0.290   0.296
    0.120   0.169   0.120   0.236   0.260   0.273   0.283   0.290   0.296
    0.120   0.169   0.120   0.236   0.260   0.273   0.283   0.290   0.296
    0.100   0.150   0.196   0.227   0.238   0.251   0.252   0.269   0.284
    0.098   0.169   0.209   0.238   0.256   0.276   0.280   0.287   0.312
    0.097   0.164   0.206   0.233   0.252   0.271   0.280   0.296   0.317
    0.097   0.164   0.206   0.233   0.252   0.271   0.280   0.296   0.317
    0.138   0.157   0.168   0.182   0.200   0.217   0.227   0.238   0.245
    0.113   0.152   0.170   0.180   0.200   0.217   0.225   0.233   0.255
    0.102   0.149   0.174   0.190   0.195   0.206   0.226   0.236   0.248
    0.102   0.144   0.167   0.182   0.194   0.197   0.214   0.218   0.242
    0.118   0.166   0.196   0.205   0.214   0.220   0.233   0.242   0.258
    0.098   0.156   0.192   0.209   0.216   0.223   0.226   0.230   0.247
    0.090   0.144   0.181   0.203   0.217   0.226   0.227   0.239   0.246
    0.086   0.137   0.186   0.206   0.219   0.234   0.233   0.249   0.253
    0.094   0.135   0.169   0.194   0.210   0.224   0.231   0.230   0.239
    0.095   0.136   0.145   0.173   0.191   0.196   0.202   0.222   0.217
    0.104   0.145   0.154   0.174   0.200   0.222   0.230   0.240   0.246
    0.100   0.134   0.157   0.177   0.197   0.207   0.217   0.230   0.245
    0.091   0.125   0.150   0.172   0.191   0.200   0.203   0.203   0.216
    0.092   0.127   0.146   0.170   0.190   0.201   0.210   0.227   0.229
    0.094   0.131   0.155   0.175   0.192   0.203   0.232   0.222   0.243
    0.081   0.133   0.151   0.175   0.194   0.207   0.238   0.233   0.276
    0.095   0.127   0.150   0.172   0.185   0.196   0.223   0.234   0.274
    0.092   0.130   0.133   0.162   0.177   0.186   0.209   0.238   0.247
    0.114   0.133   0.133   0.171   0.186   0.196   0.208   0.228   0.229
    0.098   0.136   0.140   0.174   0.185   0.196   0.192   0.205   0.234
    0.072   0.141   0.162   0.197   0.215   0.223   0.225   0.221   0.286
    0.092   0.128   0.157   0.189   0.208   0.227   0.234   0.239   0.247
    0.082   0.118   0.136   0.177   0.199   0.207   0.225   0.239   0.240


