
Table  1    Sprat :   Seasonal F (model years and seasons) 

         Age 0 Age 1 Age 2 Age 3
                                
1974 S1  0.001 0.217 0.362 0.318
     S2  0.008 0.225 0.726 0.734
     S3  0.015 0.091 0.202 0.473
     S4  0.009 0.104 0.370 0.370
1975 S1  0.002 0.383 0.639 0.562
     S2  0.014 0.397 1.283 1.296
     S3  0.026 0.160 0.356 0.835
     S4  0.000 0.000 0.000 0.000
1976 S1  0.002 0.394 0.657 0.577
     S2  0.014 0.407 1.318 1.331
     S3  0.027 0.165 0.366 0.857
     S4  0.000 0.000 0.000 0.000
1977 S1  0.002 0.343 0.573 0.503
     S2  0.013 0.355 1.149 1.161
     S3  0.023 0.144 0.319 0.748
     S4  0.000 0.000 0.000 0.000
1978 S1  0.001 0.228 0.380 0.334
     S2  0.008 0.236 0.763 0.770
     S3  0.016 0.095 0.212 0.496
     S4  0.000 0.000 0.000 0.000
1979 S1  0.001 0.149 0.249 0.219
     S2  0.005 0.154 0.499 0.504
     S3  0.010 0.062 0.139 0.325
     S4  0.000 0.000 0.000 0.000
1980 S1  0.003 0.514 0.857 0.753
     S2  0.019 0.532 1.720 1.737
     S3  0.035 0.215 0.478 1.119
     S4  0.000 0.000 0.000 0.000
1981 S1  0.001 0.250 0.417 0.366
     S2  0.009 0.259 0.836 0.845
     S3  0.017 0.105 0.232 0.544
     S4  0.000 0.000 0.000 0.000
1982 S1  0.001 0.229 0.382 0.336
     S2  0.008 0.237 0.767 0.775
     S3  0.016 0.096 0.213 0.499
     S4  0.000 0.000 0.000 0.000
1983 S1  0.002 0.385 0.642 0.564
     S2  0.014 0.398 1.288 1.300
     S3  0.026 0.161 0.358 0.838
     S4  0.000 0.000 0.000 0.000
1984 S1  0.001 0.220 0.367 0.323
     S2  0.008 0.228 0.737 0.745
     S3  0.015 0.092 0.205 0.480
     S4  0.000 0.000 0.000 0.000
1985 S1  0.002 0.302 0.504 0.443
     S2  0.011 0.313 1.012 1.022
     S3  0.021 0.127 0.281 0.658
     S4  0.000 0.000 0.000 0.000
1986 S1  0.001 0.251 0.419 0.368
     S2  0.009 0.260 0.840 0.848
     S3  0.017 0.105 0.233 0.547
     S4  0.000 0.000 0.000 0.000
1987 S1  0.000 0.085 0.141 0.124
     S2  0.003 0.088 0.283 0.286
     S3  0.006 0.035 0.079 0.184
     S4  0.000 0.000 0.000 0.000
1988 S1  0.002 0.299 0.499 0.438
     S2  0.011 0.309 1.001 1.011
     S3  0.020 0.125 0.278 0.651
     S4  0.000 0.000 0.000 0.000
1989 S1  0.000 0.071 0.118 0.103
     S2  0.003 0.073 0.236 0.239
     S3  0.005 0.030 0.066 0.154
     S4  0.000 0.000 0.000 0.000
1990 S1  0.002 0.354 0.590 0.519
     S2  0.013 0.366 1.185 1.197
     S3  0.024 0.148 0.329 0.771
     S4  0.000 0.000 0.000 0.000
1991 S1  0.001 0.165 0.275 0.242
     S2  0.006 0.171 0.552 0.557
     S3  0.011 0.069 0.153 0.359
     S4  0.000 0.000 0.000 0.000
1992 S1  0.001 0.191 0.319 0.280
     S2  0.007 0.198 0.640 0.646
     S3  0.013 0.080 0.178 0.416
     S4  0.000 0.000 0.000 0.000
1993 S1  0.002 0.372 0.621 0.546
     S2  0.014 0.386 1.247 1.259
     S3  0.025 0.156 0.346 0.811
     S4  0.000 0.000 0.000 0.000
1994 S1  0.001 0.162 0.271 0.238
     S2  0.006 0.168 0.544 0.549
     S3  0.011 0.068 0.151 0.354
     S4  0.000 0.000 0.000 0.000
1995 S1  0.002 0.345 0.575 0.505
     S2  0.013 0.357 1.154 1.165
     S3  0.024 0.144 0.321 0.751
     S4  0.000 0.000 0.000 0.000
1996 S1  0.002 0.318 0.530 0.466
     S2  0.012 0.329 1.065 1.075
     S3  0.022 0.133 0.296 0.693
     S4  0.000 0.000 0.000 0.000
1997 S1  0.001 0.234 0.391 0.343
     S2  0.009 0.242 0.784 0.792
     S3  0.016 0.098 0.218 0.510
     S4  0.000 0.000 0.000 0.000
1998 S1  0.002 0.393 0.656 0.576
     S2  0.014 0.407 1.316 1.329
     S3  0.027 0.165 0.366 0.856
     S4  0.000 0.000 0.000 0.000
1999 S1  0.001 0.207 0.345 0.304
     S2  0.008 0.214 0.693 0.700
     S3  0.014 0.087 0.193 0.451
     S4  0.000 0.000 0.000 0.000
2000 S1  0.002 0.339 0.566 0.498
     S2  0.012 0.351 1.136 1.147
     S3  0.023 0.142 0.316 0.739
     S4  0.000 0.000 0.000 0.000
2001 S1  0.002 0.357 0.595 0.523
     S2  0.013 0.369 1.194 1.206
     S3  0.024 0.149 0.332 0.777
     S4  0.000 0.000 0.000 0.000
2002 S1  0.002 0.377 0.628 0.552
     S2  0.014 0.390 1.261 1.274
     S3  0.026 0.158 0.350 0.821
     S4  0.000 0.000 0.000 0.000
2003 S1  0.002 0.289 0.483 0.425
     S2  0.011 0.300 0.969 0.979
     S3  0.020 0.121 0.269 0.631
     S4  0.000 0.000 0.000 0.000
2004 S1  0.003 0.440 0.734 0.645
     S2  0.016 0.456 1.474 1.488
     S3  0.030 0.184 0.409 0.959
     S4  0.000 0.000 0.000 0.000
2005 S1  0.002 0.304 0.507 0.445
     S2  0.011 0.314 1.017 1.027
     S3  0.021 0.127 0.282 0.661
     S4  0.000 0.000 0.000 0.000
2006 S1  0.002 0.386 0.644 0.566
     S2  0.014 0.400 1.293 1.306
     S3  0.026 0.162 0.359 0.841
     S4  0.000 0.000 0.000 0.000
2007 S1  0.002 0.372 0.620 0.545
     S2  0.014 0.385 1.244 1.257
     S3  0.025 0.156 0.346 0.809
     S4  0.000 0.000 0.000 0.000
2008 S1  0.002 0.314 0.524 0.460
     S2  0.012 0.325 1.051 1.061
     S3  0.021 0.131 0.292 0.684
     S4  0.000 0.000 0.000 0.000
2009 S1  0.001 0.201 0.336 0.295
     S2  0.007 0.209 0.674 0.681
     S3  0.014 0.084 0.187 0.439
     S4  0.000 0.000 0.000 0.000
2010 S1  0.001 0.233 0.389 0.342
     S2  0.009 0.241 0.781 0.789
     S3  0.016 0.098 0.217 0.508
     S4  0.000 0.000 0.000 0.000
2011 S1  0.001 0.212 0.353 0.311
     S2  0.008 0.219 0.709 0.717
     S3  0.014 0.089 0.197 0.462
     S4  0.000 0.000 0.000 0.000
2012 S1  0.002 0.321 0.536 0.471
     S2  0.012 0.333 1.076 1.087
     S3  0.022 0.135 0.299 0.700
     S4  0.000 0.000 0.000 0.000
2013 S1  0.002 0.285 0.476 0.418
     S2  0.011 0.295 0.955 0.965
     S3  0.019 0.119 0.265 0.622
     S4  0.000 0.000 0.000 0.000
2014 S1  0.001 0.135 0.226 0.198
     S2  0.005 0.140 0.453 0.457
     S3  0.009 0.057 0.126 0.294
     S4  0.000 0.000 0.000 0.000
2015 S1  0.002 0.324 0.541 0.475
     S2  0.012 0.335 1.085 1.096
     S3  0.022 0.136 0.301 0.706
     S4  0.000 0.000 0.000 0.000
2016 S1  0.003 0.524 0.875 0.769
     S2  0.019 0.543 1.756 1.773
     S3  0.036 0.220 0.488 1.142
     S4  0.000 0.000 0.000 0.000
2017 S1  0.002 0.332 0.553 0.486
     S2  0.012 0.343 1.110 1.121
     S3  0.023 0.139 0.308 0.722
     S4  0.000 0.000 0.000 0.000
2018 S1  0.002 0.333 0.556 0.489
     S2  0.012 0.345 1.116 1.127
     S3  0.023 0.140 0.310 0.726
     S4  0.000 0.000 0.000 0.000
