
Table  1    Sprat :  Stock numbers (thousands) 

              Age 0      Age 1      Age 2      Age 3
                                                    
1974 S1   533667000  138012000   10746300     485584
     S2   328875000   70385100    5006380     267092
     S3   235319000   44432900    1948140     106286
     S4   172346000   30828200    1336540      55619
1975 S1   712689000  109421000   18451300     699739
     S2   423481000   45596200    6383020     314887
     S3   312599000   24606900    1448740      72750
     S4   219115000   15548000     815527      25385
1976 S1   330409000  136460000    9997240     550925
     S2   202020000   57750600    3423270     231443
     S3   144894000   30179300     731948      50329
     S4    98009200   18354400     399113      16791
1977 S1   631497000   60321000   11785000     273059
     S2   405708000   28383400    4598860     120807
     S3   275921000   15579900    1160670      31009
     S4   184392000    9496200     657922      11452
1978 S1  1033370000  113014000    6117920     434619
     S2   684142000   60452900    2846870     223763
     S3   479393000   37928900    1067060      85446
     S4   322208000   24138700     701460      42267
1979 S1   534780000  206526000   16239200     511616
     S2   345451000  116443000    8330960     274342
     S3   226623000   77560800    3957680     132104
     S4   151382000   50529400    2733000      75735
1980 S1   328622000   97069800   34233600    1926640
     S2   204788000   36530600    9322120     598756
     S3   128468000   16528300    1290550      83726
     S4    84170100    9344830     634258      21669
1981 S1    94281300   55360000    6440630     468557
     S2    57064600   26534100    2713730     226575
     S3    37548000   15623400     900184      77223
     S4    25738500   10283000     571346      35885
1982 S1    49287200   17665200    7390680     464976
     S2    29542100    9127130    3457780     260023
     S3    21035300    5717620    1292650     100318
     S4    15261800    4122110     870694      50762
1983 S1    66959800   11104800    3125200     750389
     S2    39231000    4923770    1160900     341225
     S3    27634600    2613990     257741      76568
     S4    20018500    1809790     151580      27864
1984 S1    33535900   14649500    1396220     151643
     S2    19546000    7681260     725586      91497
     S3    13041000    4832080     281622      35957
     S4     9432390    3471250     192142      18636
1985 S1    23326400    6839640    2638750     173042
     S2    13445100    3062280    1097510      91146
     S3     8209920    1698140     310481      26601
     S4     5824610    1166720     196274      11533
1986 S1    79160700    4236710     891230     176193
     S2    43826900    1933460     384686      94570
     S3    27626500    1090380     124529      32251
     S4    19215400     758119      81724      15474
1987 S1    40836300   13743100     570443      82060
     S2    22491100    7783180     318041      56091
     S3    14007900    5201730     177599      33415
     S4     9752320    4042630     135739      22978
1988 S1    60893000    6956140    3052250     131958
     S2    32651900    3123930    1176030      65750
     S3    19729300    1629070     315312      18265
     S4    13333700    1132460     191624       7644
1989 S1    54629700    9290040     837769     157917
     S2    29865400    5202980     482840     114954
     S3    17615500    3469820     284187      69761
     S4    12279100    2680900     213304      47948
1990 S1    73835200    8446340    1962720     197178
     S2    43904700    3636000     727217      91909
     S3    26400500    1810980     167490      21398
     S4    18398600    1203860      93938       7716
1991 S1   112582000   12494900     875415      76309
     S2    70847800    6941390     482868      46071
     S3    47414200    4471330     220587      21370
     S4    34374200    3205800     151345      11937
1992 S1   104251000   23299100    2327630     122524
     S2    69105100   13428700    1277310      71764
     S3    50226800    8783870     549667      31415
     S4    36950400    6158140     372199      16760
1993 S1   150399000   25504900    4566470     296851
     S2    95169800   11620100    1745690     126945
     S3    73966900    6414900     414980      30293
     S4    54926500    4261430     242167      11106
1994 S1   128713000   38804300    3238940     198449
     S2    77807400   21109200    1744190     111713
     S3    57739600   14272500     831909      53804
     S4    44133500   10706400     591407      31233
1995 S1    36331900   32119400    8356860     498233
     S2    21729500   14373200    3352310     220989
     S3    16051000    8048530     869562      57464
     S4    12557300    5756720     528148      22700
1996 S1    60863800    9637460    4661890     455689
     S2    36695200    4723710    2108050     230805
     S3    25224200    2708550     594150      66007
     S4    19911700    1997540     380068      28393
1997 S1    49103400   15695400    1643930     349417
     S2    31231700    9265190     901345     212301
     S3    22995800    5929210     341263      82476
     S4    18030300    4431900     231379      41750
1998 S1   109864000   13776800    3577060     230196
     S2    71336600    7010460    1480310     106922
     S3    48968100    3832230     332721      24470
     S4    37069100    2638020     194197       8744
1999 S1    77583000   26976200    2064240     166699
     S2    50844100   16457600    1158330      99329
     S3    37734700   10979000     488975      42360
     S4    28274200    7913680     333190      22293
2000 S1    73316900   20233400    6058510     278978
     S2    48756100   10242100    2670250     136317
     S3    33757500    5908950     715873      36524
     S4    25594900    4142240     446259      14907
2001 S1    61396800   19371100    3272560     380576
     S2    40712300    9770820    1429950     186540
     S3    29793800    5458710     354083      45976
     S4    22276100    3752460     209889      17464
2002 S1    82225000   16398800    2897880     183700
     S2    53134800    8158960    1215670      89144
     S3    38226500    4422480     278086      20305
     S4    28962100    3073410     161287       7359
2003 S1   106874000   20974800    2365920     135640
     S2    70149900   11998400    1176690      74963
     S3    51684600    7073870     362314      22963
     S4    39112300    4982780     220858       9752
2004 S1   188359000   26678000    3661390     173259
     S2   121451000   13037300    1395120      75000
     S3    90500900    6660790     263657      14076
     S4    69706900    4482050     142258       4385
2005 S1    66445300   47872200    3312600     111011
     S2    42649800   25646200    1590730      57305
     S3    30958400   15050800     480232      17251
     S4    24323500   10842400     302627       7442
2006 S1    84862900   16855200    8102270     247597
     S2    51157500    8364420    3394780     113392
     S3    38706300    4538870     784029      26016
     S4    30343500    3171110     460667       9439
2007 S1    60934300   21079400    2403350     383995
     S2    37622400   10639200    1054130     185232
     S3    27838800    5801840     256226      44644
     S4    21995300    4169550     155750      17067
2008 S1   140415000   16094600    3288200     145069
     S2    86918600    8654010    1614890      77530
     S3    65670600    5102970     482581      23063
     S4    52607200    3763230     305066       9854
2009 S1   114653000   38817500    3003660     258635
     S2    73449500   22096800    1700030     163644
     S3    52569800   14683700     739763      71266
     S4    42860200   11389300     520872      39024
2010 S1   120614000   31989500    9183040     463153
     S2    71099600   16772500    4554560     277415
     S3    47474800   10603800    1743150     106974
     S4    38000000    8015450    1196510      54881
2011 S1    91679800   27899900    6391570    1027860
     S2    54947800   14583000    3051960     628130
     S3    37252500    9226180    1237290     256428
     S4    29212000    6897860     849219     135101
2012 S1    72997200   20832900    5352700     786532
     S2    43789300    9811780    2219540     411606
     S3    29940400    5542980     625012     116141
     S4    23531200    4063920     400794      49862
2013 S1   171319000   17576200    3244730     376562
     S2   114754000    9153830    1515520     213405
     S3    86593100    5530910     494954      69459
     S4    69081200    4120100     327263      32167
2014 S1   188465000   52737100    3303640     300737
     S2   130470000   32955200    2063630     214462
     S3   100361000   23497300    1110610     116448
     S4    80484300   18530400     840083      74407
2015 S1   101492000   61321400   14766000     761030
     S2    70318500   31590100    6703480     411571
     S3    54818100   18613200    1922850     118504
     S4    43363000   13612000    1225490      50400
2016 S1   133857000   32842100   10876500    1065150
     S2    91534100   13738700    3496870     427885
     S3    69562200    6535470     512233      62297
     S4    54278400    4394740     270939      17123
2017 S1   190734000   41109200    3511540     240482
     S2   130571000   20854500    1557500     128182
     S3    99935700   12112400     435192      35827
     S4    79012000    8830090     275428      14990
2018 S1   158389000   59841900    7055540     242449
     S2   108428000   30306600    3120640     128913
     S3    82982800   17571700     867067      35827
     S4    65601000   12800900     547900      14935
2019 S1           0   49684700   10228400     469869
     S2           .          .          .          .
     S3           .          .          .          .
     S4           .          .          .          .
