
Table  1    Sprat :  Stock numbers (thousands) 

              Age 0      Age 1      Age 2      Age 3
                                                    
1974 S1   533667000  138012000   10746300     485584
1975 S1   712689000  109421000   18451300     699739
1976 S1   330409000  136460000    9997240     550925
1977 S1   631497000   60321000   11785000     273059
1978 S1  1033370000  113014000    6117920     434619
1979 S1   534780000  206526000   16239200     511616
1980 S1   328622000   97069800   34233600    1926640
1981 S1    94281300   55360000    6440630     468557
1982 S1    49287200   17665200    7390680     464976
1983 S1    66959800   11104800    3125200     750389
1984 S1    33535900   14649500    1396220     151643
1985 S1    23326400    6839640    2638750     173042
1986 S1    79160700    4236710     891230     176193
1987 S1    40836300   13743100     570443      82060
1988 S1    60893000    6956140    3052250     131958
1989 S1    54629700    9290040     837769     157917
1990 S1    73835200    8446340    1962720     197178
1991 S1   112582000   12494900     875415      76309
1992 S1   104251000   23299100    2327630     122524
1993 S1   150399000   25504900    4566470     296851
1994 S1   128713000   38804300    3238940     198449
1995 S1    36331900   32119400    8356860     498233
1996 S1    60863800    9637460    4661890     455689
1997 S1    49103400   15695400    1643930     349417
1998 S1   109864000   13776800    3577060     230196
1999 S1    77583000   26976200    2064240     166699
2000 S1    73316900   20233400    6058510     278978
2001 S1    61396800   19371100    3272560     380576
2002 S1    82225000   16398800    2897880     183700
2003 S1   106874000   20974800    2365920     135640
2004 S1   188359000   26678000    3661390     173259
2005 S1    66445300   47872200    3312600     111011
2006 S1    84862900   16855200    8102270     247597
2007 S1    60934300   21079400    2403350     383995
2008 S1   140415000   16094600    3288200     145069
2009 S1   114653000   38817500    3003660     258635
2010 S1   120614000   31989500    9183040     463153
2011 S1    91679800   27899900    6391570    1027860
2012 S1    72997200   20832900    5352700     786532
2013 S1   171319000   17576200    3244730     376562
2014 S1   188465000   52737100    3303640     300737
2015 S1   101492000   61321400   14766000     761030
2016 S1   133857000   32842100   10876500    1065150
2017 S1   190734000   41109200    3511540     240482
2018 S1   158389000   59841900    7055540     242449
2019 S1           0   49684700   10228400     469869
