
Table  1    Sprat :   Seasonal catch numbers (calendar year) 

            Age 0    Age 1    Age 2    Age 3
                                            
1974 Q1         .        .        .        .
     Q2         .        .        .        .
     Q3         0 16101100  2155720   475613
     Q4   1884150 11544100   866399    48228
1975 Q1   2842700 11091300  1336040    34534
     Q2   1302330  2511320   359117    14822
     Q3    250931 27723500 10052600   260182
     Q4   1179570 14541900  4378410   166807
1976 Q1   5240020  4755880  2206780    66186
     Q2         0        0        0        0
     Q3   2143210 42209800  2888650   180913
     Q4   7439660 18762700  1613140    88604
1977 Q1   7703420  6925350   267638     8289
     Q2         0        0        0        0
     Q3   2690190 12786100  5181870   109712
     Q4   2520080  4904590  3679150    67688
1978 Q1  15857200  1843470  2200880    37836
     Q2         0        0        0        0
     Q3    454090 32184500   427473    96435
     Q4   5517660 10345000  1209580   116695
1979 Q1   6154610  4973570  1119040    29941
     Q2         0        0        0        0
     Q3   3579390 36866800   644042   117139
     Q4   1052920 11355900  2152260    63386
1980 Q1   3882780  6399260   332781    25964
     Q2         0        0        0        0
     Q3         0 14237600 17421400  1481070
     Q4         0  9415160 11520600   979415
1981 Q1   2536060  3866610   389674     8724
     Q2         0        0        0        0
     Q3    428776 12322400  1483240   130805
     Q4     40632  3540740  3025290   202048
1982 Q1    374254  3854060   319763     9835
     Q2         0        0        0        0
     Q3    545769  6350510   601581    64879
     Q4    818525  5021080  1070960    55333
1983 Q1   2530670   401839    46913     3525
     Q2         0        0        0        0
     Q3   5613730  2819240   969599   155653
     Q4   2375760  1334330   588678    91112
1984 Q1   1697720   596857     7271        0
     Q2         0        0        0        0
     Q3    954757  6475020   417235     2532
     Q4    521866  2535350   247654     4803
1985 Q1    405095   612407    10648     1053
     Q2         0        0        0        0
     Q3         0  1304460  1972030    37680
     Q4         0   576004   870780    16638
1986 Q1     84760   215856   150819    14916
     Q2         0        0        0        0
     Q3         0   177780   452745   347620
     Q4         0   156913   399604   306818
1987 Q1    580936    58710      740        0
     Q2         0        0        0        0
     Q3      2236  2250590   128512     2525
     Q4     49451  1790260   267597      978
1988 Q1    209788   826994    34626    32980
     Q2         0        0        0        0
     Q3   4082940  2096910  2830050    42364
     Q4   1163960   314106   527986    11526
1989 Q1   1817700   637489   129384     5491
     Q2         0        0        0        0
     Q3     12451  1706820  3613840     5716
     Q4       783    76415    88925      342
1990 Q1    469458   416920    34789    12752
     Q2         0        0        0        0
     Q3      1568  2633070  2234210   342514
     Q4      1225  2058040  1746290   267714
1991 Q1    291837    62050     1941      429
     Q2         0        0        0        0
     Q3     40504  1684270  2416750     8159
     Q4   1552320  2936720   614233     9587
1992 Q1    208352    64565     1036       99
     Q2         0        0        0        0
     Q3     18948  9695460  1315320   177584
     Q4    222991  1185130   132166    16491
1993 Q1   1279870  1583950   259251     5821
     Q2         0        0        0        0
     Q3    264173  3026870  5339040   247839
     Q4   1441320  4911450  1324440    31435
1994 Q1   1867840  1819510   338969    43965
     Q2         0        0        0        0
     Q3    445326 40720500   516854   100737
     Q4   1856100  7146620  1455660   142774
1995 Q1    818875  2936360   559871    22813
     Q2         0        0        0        0
     Q3    170693 24466600  3192400   371759
     Q4    612010  8620520  2863270   505875
1996 Q1   1797670  4488220   533786   128194
     Q2         0        0        0        0
     Q3    299367   233497   816511   286503
     Q4   1083650   776795  2208630   911256
1997 Q1   1670740   289815   113580    49534
     Q2         0        0        0        0
     Q3      6447  2286580   130593   202822
     Q4    148657  4395270  1078230   277615
1998 Q1    596223   728240   181187    46667
     Q2         0        0        0        0
     Q3     86124  3567340  1498340   258993
     Q4   5465890  2665030  1451840   326463
1999 Q1   1615980  1096550   489541   241493
     Q2         0        0        0        0
     Q3       830 15939200   477815    69219
     Q4     90557  2456060   254931    44836
2000 Q1   1967130  3351940   641059   183015
     Q2         0        0        0        0
     Q3      6101  9822670  1767260    70160
     Q4     81906   801375   384854    49827
2001 Q1   1093610  2807140  1310050   176418
     Q2         0        0        0        0
     Q3     13056  5767630   315550     7694
     Q4    550512  3967340  1528710   498496
2002 Q1    143017   531588    59709    13418
     Q2         0        0        0        0
     Q3     63416  6586440   594557   108679
     Q4    927294  4326530   661656    59022
2003 Q1   1182690  1199160   296900    65718
     Q2         0        0        0        0
     Q3    197639  4003320   594498    68144
     Q4   2785630  6826280  1115910   218400
2004 Q1    713229    39824    29774    26427
     Q2         0        0        0        0
     Q3    229309  4217280   731500    78913
     Q4  24806800  4735690   264373    53425
2005 Q1   5233940   309955    44145    15707
     Q2         0        0        0        0
     Q3     97602 13409700   479222    88858
     Q4    839944  7903550   228337    22051
2006 Q1   1089270  5408580   230703    38557
     Q2         0        0        0        0
     Q3         0  1987700  1401800   295158
     Q4    319709   493221  1003840   235542
2007 Q1    176742   129541   176585    10933
     Q2         0        0        0        0
     Q3         0  1693270   189551    67672
     Q4    609939  4186800  1681650   254768
2008 Q1    404452   329724    19675    20964
     Q2         0        0        0        0
     Q3     11590   422430  1447940   329770
     Q4   2087190  1901760  1006630   260966
2009 Q1    893785   131774    41692    21858
     Q2         0        0        0        0
     Q3         0  4776950   219922    39037
     Q4    231412  8163930   554425   137328
2010 Q1    168362  3385110   519516    88967
     Q2         0        0        0        0
     Q3     12414  1732170   689166    90040
     Q4    349703  3105420  3011290  2157390
2011 Q1    298472  2412400   683264    90603
     Q2         0        0        0        0
     Q3      2469  1847210  1105020   281708
     Q4    420004  4234060  2917970   999295
2012 Q1     57320   250247    95834    42266
     Q2         0        0        0        0
     Q3    147896  2527700   729427   121665
     Q4    187098  3756230  1690250   281071
2013 Q1     78240   463743    86910    30157
     Q2         0        0        0        0
     Q3     10002  1973360   411558    72705
     Q4    462029  2176970   745578   144434
2014 Q1    193678     1554     2447     4794
     Q2         0        0        0        0
     Q3   2640870  9499010   627237   105519
     Q4   1215080  4046240   323320    92685
2015 Q1   1755940  2496880   177328    21685
     Q2         0        0        0        0
     Q3   1682640 12947800  2926870   161595
     Q4    615375 10862100  1632430   226924
2016 Q1    374504  1926030   733105    90222
     Q2         0        0        0        0
     Q3   4450620 12775000  4537370   439570
     Q4   3593240  1451840  1251210   301252
2017 Q1    533954    47715     7358     2718
     Q2         0        0        0        0
     Q3   1767810  9076650   738627    88295
     Q4   1302510  2796710   182538    82806
2018 Q1    658881   807010   184005    68052
     Q2         0        0        0        0
     Q3   4350570 11667300  2940920   279993
     Q4   2025380  2923950  1574330   527760
2019 Q1    120913   978572   267657     6437
     Q2         0        0        0        0
     Q3         .        .        .        .
     Q4         .        .        .        .
