
Table  1    Sprat :   Seasonal catch numbers (model years and seasons) 

            Age 0    Age 1    Age 2    Age 3
                                            
1974 S1         0 16101100  2155720   475613
     S2   1884150 11544100   866399    48228
     S3   2842700 11091300  1336040    34534
     S4   1302330  2511320   359117    14822
1975 S1    250931 27723500 10052600   260182
     S2   1179570 14541900  4378410   166807
     S3   5240020  4755880  2206780    66186
     S4         0        0        0        0
1976 S1   2143210 42209800  2888650   180913
     S2   7439660 18762700  1613140    88604
     S3   7703420  6925350   267638     8289
     S4         0        0        0        0
1977 S1   2690190 12786100  5181870   109712
     S2   2520080  4904590  3679150    67688
     S3  15857200  1843470  2200880    37836
     S4         0        0        0        0
1978 S1    454090 32184500   427473    96435
     S2   5517660 10345000  1209580   116695
     S3   6154610  4973570  1119040    29941
     S4         0        0        0        0
1979 S1   3579390 36866800   644042   117139
     S2   1052920 11355900  2152260    63386
     S3   3882780  6399260   332781    25964
     S4         0        0        0        0
1980 S1         0 14237600 17421400  1481070
     S2         0  9415160 11520600   979415
     S3   2536060  3866610   389674     8724
     S4         0        0        0        0
1981 S1    428776 12322400  1483240   130805
     S2     40632  3540740  3025290   202048
     S3    374254  3854060   319763     9835
     S4         0        0        0        0
1982 S1    545769  6350510   601581    64879
     S2    818525  5021080  1070960    55333
     S3   2530670   401839    46913     3525
     S4         0        0        0        0
1983 S1   5613730  2819240   969599   155653
     S2   2375760  1334330   588678    91112
     S3   1697720   596857     7271        0
     S4         0        0        0        0
1984 S1    954757  6475020   417235     2532
     S2    521866  2535350   247654     4803
     S3    405095   612407    10648     1053
     S4         0        0        0        0
1985 S1         0  1304460  1972030    37680
     S2         0   576004   870780    16638
     S3     84760   215856   150819    14916
     S4         0        0        0        0
1986 S1         0   177780   452745   347620
     S2         0   156913   399604   306818
     S3    580936    58710      740        0
     S4         0        0        0        0
1987 S1      2236  2250590   128512     2525
     S2     49451  1790260   267597      978
     S3    209788   826994    34626    32980
     S4         0        0        0        0
1988 S1   4082940  2096910  2830050    42364
     S2   1163960   314106   527986    11526
     S3   1817700   637489   129384     5491
     S4         0        0        0        0
1989 S1     12451  1706820  3613840     5716
     S2       783    76415    88925      342
     S3    469458   416920    34789    12752
     S4         0        0        0        0
1990 S1      1568  2633070  2234210   342514
     S2      1225  2058040  1746290   267714
     S3    291837    62050     1941      429
     S4         0        0        0        0
1991 S1     40504  1684270  2416750     8159
     S2   1552320  2936720   614233     9587
     S3    208352    64565     1036       99
     S4         0        0        0        0
1992 S1     18948  9695460  1315320   177584
     S2    222991  1185130   132166    16491
     S3   1279870  1583950   259251     5821
     S4         0        0        0        0
1993 S1    264173  3026870  5339040   247839
     S2   1441320  4911450  1324440    31435
     S3   1867840  1819510   338969    43965
     S4         0        0        0        0
1994 S1    445326 40720500   516854   100737
     S2   1856100  7146620  1455660   142774
     S3    818875  2936360   559871    22813
     S4         0        0        0        0
1995 S1    170693 24466600  3192400   371759
     S2    612010  8620520  2863270   505875
     S3   1797670  4488220   533786   128194
     S4         0        0        0        0
1996 S1    299367   233497   816511   286503
     S2   1083650   776795  2208630   911256
     S3   1670740   289815   113580    49534
     S4         0        0        0        0
1997 S1      6447  2286580   130593   202822
     S2    148657  4395270  1078230   277615
     S3    596223   728240   181187    46667
     S4         0        0        0        0
1998 S1     86124  3567340  1498340   258993
     S2   5465890  2665030  1451840   326463
     S3   1615980  1096550   489541   241493
     S4         0        0        0        0
1999 S1       830 15939200   477815    69219
     S2     90557  2456060   254931    44836
     S3   1967130  3351940   641059   183015
     S4         0        0        0        0
2000 S1      6101  9822670  1767260    70160
     S2     81906   801375   384854    49827
     S3   1093610  2807140  1310050   176418
     S4         0        0        0        0
2001 S1     13056  5767630   315550     7694
     S2    550512  3967340  1528710   498496
     S3    143017   531588    59709    13418
     S4         0        0        0        0
2002 S1     63416  6586440   594557   108679
     S2    927294  4326530   661656    59022
     S3   1182690  1199160   296900    65718
     S4         0        0        0        0
2003 S1    197639  4003320   594498    68144
     S2   2785630  6826280  1115910   218400
     S3    713229    39824    29774    26427
     S4         0        0        0        0
2004 S1    229309  4217280   731500    78913
     S2  24806800  4735690   264373    53425
     S3   5233940   309955    44145    15707
     S4         0        0        0        0
2005 S1     97602 13409700   479222    88858
     S2    839944  7903550   228337    22051
     S3   1089270  5408580   230703    38557
     S4         0        0        0        0
2006 S1         0  1987700  1401800   295158
     S2    319709   493221  1003840   235542
     S3    176742   129541   176585    10933
     S4         0        0        0        0
2007 S1         0  1693270   189551    67672
     S2    609939  4186800  1681650   254768
     S3    404452   329724    19675    20964
     S4         0        0        0        0
2008 S1     11590   422430  1447940   329770
     S2   2087190  1901760  1006630   260966
     S3    893785   131774    41692    21858
     S4         0        0        0        0
2009 S1         0  4776950   219922    39037
     S2    231412  8163930   554425   137328
     S3    168362  3385110   519516    88967
     S4         0        0        0        0
2010 S1     12414  1732170   689166    90040
     S2    349703  3105420  3011290  2157390
     S3    298472  2412400   683264    90603
     S4         0        0        0        0
2011 S1      2469  1847210  1105020   281708
     S2    420004  4234060  2917970   999295
     S3     57320   250247    95834    42266
     S4         0        0        0        0
2012 S1    147896  2527700   729427   121665
     S2    187098  3756230  1690250   281071
     S3     78240   463743    86910    30157
     S4         0        0        0        0
2013 S1     10002  1973360   411558    72705
     S2    462029  2176970   745578   144434
     S3    193678     1554     2447     4794
     S4         0        0        0        0
2014 S1   2640870  9499010   627237   105519
     S2   1215080  4046240   323320    92685
     S3   1755940  2496880   177328    21685
     S4         0        0        0        0
2015 S1   1682640 12947800  2926870   161595
     S2    615375 10862100  1632430   226924
     S3    374504  1926030   733105    90222
     S4         0        0        0        0
2016 S1   4450620 12775000  4537370   439570
     S2   3593240  1451840  1251210   301252
     S3    533954    47715     7358     2718
     S4         0        0        0        0
2017 S1   1767810  9076650   738627    88295
     S2   1302510  2796710   182538    82806
     S3    658881   807010   184005    68052
     S4         0        0        0        0
2018 S1   4350570 11667300  2940920   279993
     S2   2025380  2923950  1574330   527760
     S3    120913   978572   267657     6437
     S4         0        0        0        0
