North Sea Herring stock numbers at age - stock.n (units : NA )
1	13	
1960	2010	
0	9	
1 
12092313 16403718 3707665 7734930 607271.8 754405.9 433712.5 294062.9 310307.3 342641.0
108850059 4335499 4670825 1777710 4565865 392180.4 523511.5 285374.1 147049.6 229764.9
46272455 39306178 1401452 1864638 1024475 2751709 237349.2 324028.9 199960 201118.5
47657565 16940193 13219620 808477 813757.5 609466.5 1465742 94909.35 155945.5 189362.4
62786575 17274851 5504787 7272861 502585.3 586086.8 474926.2 1108178 64629.15 141790.9
34895343 22809004 4668399 2763837 3942057 314087.4 389003.6 339578.6 759584.8 144192.4
27859139 12745904 6560276 1592759 1080740 1640156 146981.3 208180.4 195862.3 484631
40256391 10031237 3896094 2688484 642252.1 551944.6 643811.5 90060.67 126956.9 268849.9
38698817 14434679 2739200 1892218 984541.4 230565.8 218183.3 211849.6 17711.85 118682.3
21581561 13749437 3932945 538206.6 238276.4 305142.4 60735.01 60861.12 38302.74 35087.54
41073298 7874275 3639680 1329764 176953.7 89950.57 96238.95 8210.266 14895.44 15143.7
32307965 14588849 2215640 1019255 306680.0 42341.11 33906.32 29588.00 119.1217 14771.09
20861031 11488470 2939071 679042.6 247675.7 81396.33 12959.41 2240.769 1796.062 653.1136
10102051 7239708 2370541 966486.2 249446.8 100741.7 42510.05 6992.315 1837.521 787.509
21699985 3548549 1357608 631848.3 208452.4 84043.12 35208.03 9690.41 2832.014 1557.608
2825521 7406814 830691.7 359629.6 195461.3 69780.83 23215.05 10839.53 4044.276 1665.29
2721846 887887.9 1369556 165339.9 65489.6 44739.42 9552.128 5854.812 1290.796 516.3184
4329404 864339.4 254440.3 266024.7 31832.76 10486.89 8095.892 2894.514 1164.395 321.1046
4596094 1444436 236003.6 150379.3 53182.41 18571.80 2896.909 3451.150 1201.932 1802.897
10602593 1615433 434847.8 170636.6 117974.8 43371.38 16519.25 2431.184 2932.662 488.777
16719547 3587198 502888.1 292971.9 130682.2 97152.13 37248.16 14757.09 1441.822 360.4556
37864017 5423433 1178328 258681.6 157515.3 87705.25 67319.54 31517.84 12022.76 2404.552
64754769 8600641 1499338 631100.9 160626.6 105062.9 52353.64 39407.17 10877.68 3323.736
61829567 17049793 2526089 855666.2 310588.1 113364.0 81390.53 40913.75 28254.93 31080.42
53460997 15253712 4876146 1383032 506131.4 181461.1 77721.59 52028.69 24889.68 41707.02
80939722 15683052 4570809 2637144 736432.5 267226.5 87480.47 48901.32 23255.51 28581.19
97653052 27342389 3934134 2260204 1102771 318098.6 124068.2 37949.73 25130.63 27348.04
86232161 33767818 7335150 1840603 1097512 556967 164976.6 53573.77 14978.75 15353.22
42292084 26996489 8562145 3619774 908651.5 551093.7 271442.2 78625.04 25962.22 14423.45
39183711 13735210 5561582 4445481 1984883 459101.7 256756.6 124490.7 35220.18 15713.62
35866636 12654153 3284739 2766981 2416028 1030020 215117.6 115382.1 54985 22719.5
33636441 12440045 2960750 1669437 1565925 1370608 565077.7 118701.5 52965.67 26896.63
62152334 10998522 3362432 1235696 867705 896970.3 765522.4 316870.2 70169.61 41707.96
50270235 16995218 2747171 1404658 615077.3 443029.5 470381.5 337650.3 142641.3 68134.51
34559978 12698441 4099838 1042979 605694 267811.7 197067.2 211963 128034.0 85234.08
41738842 10143385 3653141 1533695 417276.2 220009.4 139160 91506.79 119433.1 50653.64
50017440 11137276 2785385 1486246 528319 158732.4 87127.92 73731.46 43633.55 10018.34
29137096 17063584 3181345 1517079 745874.2 314971 89088.75 57466.76 57916.83 17578.7
28102834 10468491 5999200 1771092 840974.6 405126.7 181575.0 50878.82 40770.55 9201.705
69449799 10187599 3289431 3405003 967366.4 499116.6 200235.0 80239.33 31599.16 6379.464
42389537 24640275 3571861 1911539 1837989 596590.3 322999.5 115533.8 46082.3 7761.263
97487442 14953312 8387082 2114981 1148782 1050408 337634.9 214039.1 70698.89 10626.54
34766152 34799670 5145360 5492970 1295029 774935.5 645506.1 219294.7 157362.1 39554.17
20060339 12365919 12316187 3316504 3623653 894575.3 567642.5 418550.1 152025.6 36498.08
26095303 7165512 4192466 8079383 2238646 2486173 577352.8 411360 261849.4 127440.2
16577102 9184969 2516237 2723028 5384963 1510210 1535652 361901.6 272686.5 180626.9
22114044 5512210 2966930 1560624 1792227 3621791 911662.6 843948.3 218282.9 165222.4
30340022 7695823 1897672 1792311 991165.5 1175477 2325712 621466.9 578143.5 92889.7
26079173 10587310 2658052 1157905 1152578 660421.4 767628.5 1607576 431583.5 225553.4
38289832 9232364 3720137 1709911 795257.6 834748.9 471356.3 570996.8 1199863 322155.2
38849289 13814437 3318317 2565703 1280698 642811.3 669745.8 386190.7 468635.3 455006.9
