# file fleet_catch.in
#  IBT , IBTS Q1 
0.1 252618.6595 551261.6531 574173.441 47111.3775
0.1 619180.2198 553685.5158 100186.446 25687.3119
0.1 374594.375 292407.5943 75082.7124 19254.4989
0.1 116338.1573 137303.9389 39250.1019 9993.0597
0.1 503283.7035 86061.0892 25142.7182 9769.1697
0.1 248662.7883 789923.7747 77116.9176 15148.2201
0.1 744970.1403 154929.1332 114877.4346 11325.8786
0.1 360108.3488 185946.4175 47580.3644 21180.0083
0.1 1412224.14 176333.5684 33438.1309 7582.0992
0.1 1882138.835 281520.1155 36960.5568 9645.2893
0.1 1863182.107 1224852.204 103248.1698 10709.412
0.1 1195289.215 887346.7346 132007.9216 8288.3744
0.1 2258851.614 2257140.457 263385.7855 10391.1011
0.1 604673.2977 967027.3058 199658.0806 28252.9181
0.1 599335.3916 270097.5343 168138.4361 27512.5782
0.1 1072937.307 1104107.516 180776.6345 16056.1597
0.1 5183400.383 583735.784 73756.9877 5308.1658
0.1 2017438.689 1164352.283 150449.39 25035.5795
0.1 1997862.299 1309083.47 239141.8848 13995.0224
0.1 1191953.993 968964.8931 87711.745 10392.8614
0.1 2493114.473 589409.6058 66440.8924 5539.6921
0.1 4084376.9 685279.7422 106636.5844 9076.1335
0.1 8918278.646 675528.622 29061.5021 2718.1969
0.1 1230441.079 1416989.937 58676.3593 7654.0077
0.1 1917762.693 1035568.982 162879.8155 12506.2265
0.1 1526984.893 803060.6546 47400.0971 8525.5555
0.1 4133598.382 312030.3885 34043.2834 3832.7561
0.1 3288299.772 2489705.456 118665.458 17586.1366
0.1 1078333.371 926245.8286 206206.5452 47562.4035
0.1 3356602.705 3143308.463 245115.9778 36665.5565
0.1 1137771.943 1116848.614 203190.62 29306.219
0.1 3886604.802 443620.6369 50654.5958 9871.2729
#  IBT , IBTS Q3 
1 14555861.17 2633020.022 104864.875
1 5767650.834 3015219.346 217791.685
1 16468663.95 1326478.22 95089.4325
1 30622686.75 7433287.57 454581.7882
1 2317116.863 2219591.28 215543.1579
1 13080864.9 1171944.494 200385.1507
1 2676262.819 1107919.707 117794.8777
1 13792779.51 1719504.967 82599.1697
1 8212868.358 3228535.876 133847.3485
1 8998080.568 2277277.709 187452.481
1 10011480.35 1319290.516 102476.0462
1 11610319.61 1272970.312 66230.5676
1 14371331.28 1945227.107 122791.1603
1 52835448.75 2266371.864 102272.4864
1 9340784.666 5459056.696 155440.2829
1 10549586.19 1552282.411 184766.726
1 7894186.088 2085499.29 130784.8544
1 35252949.91 3032568.319 337850.2264
1 35355907.72 9422665.605 428224.1326
1 16742275.31 8341041.845 1191532.895
1 11469645.87 5231406.101 575643.0637
1 9052264.321 3060009.531 414533.6331
#  Aco , Acoustic 
0.001 21923.3 21367.9 1413
0.001 42861.9 5836.9 2251.9
0.001 17188 7867.8 840.2
0.001 47689.5 16920.4 2814.9
0.001 20328.1 14086.8 1174.3
0.001 26581.4 14206.9 3411.9
0.001 22035.9 12831.1 4693
0.001 9346.5 6341.8 2048.6
